0.181899
0.773179
0.959272
0.703982
0.110009
-0.541348
-0.923225
-0.88245
-0.402946
0.308679
0.840298
0.944529
0.616598
-0.0137839
-0.636961
-0.949044
-0.826627
-0.280978
0.428999
0.89285
0.915584
0.518776
-0.13732
-0.721864
-0.960589
-0.756341
-0.153109
0.540539
0.930538
0.872796
0.411917
-0.25831
-0.794994
-0.957576
-0.67226
-0.0219806
0.641331
0.953295
0.816609
0.297697
-0.374565
-0.855527
-0.939782
-0.575423
0.109618
0.729799
0.961215
0.747598
0.17805
-0.484078
-0.902837
-0.907073
-0.467266
0.238877
0.804775
0.954494
0.666515
0.0551112
-0.585082
-0.936441
-0.859457
-0.349631
0.363092
0.865474
0.933399
0.574338
-0.0688531
-0.676084
-0.955955
-0.797145
-0.224729
0.479778
0.911442
0.898253
0.472309
-0.191537
-0.755871
-0.961062
-0.720625
-0.0950728
0.586762
0.942492
0.849449
0.361956
-0.310683
-0.823492
-0.951504
-0.630724
0.0366125
0.682246
0.958637
0.787484
0.245072
-0.424177
-0.878216
-0.927092
-0.528655
0.167515
0.764839
0.960021
0.713003
0.123689
-0.530111
-0.919487
-0.887745
-0.416035
0.294856
0.833546
0.946876
0.626853
1.02371e-05
-0.626837
-0.946872
-0.833557
-0.294877
0.416015
0.887738
0.919493
0.530127
-0.123669
-0.712989
-0.96002
-0.764852
-0.167537
0.528636
0.927086
0.878224
0.424195
-0.245052
-0.787472
-0.958639
-0.682262
-0.0366355
0.630707
0.951501
0.823502
0.310702
-0.361937
-0.84944
-0.942496
-0.58678
0.0950504
0.72061
0.961062
0.755884
0.191556
-0.472292
-0.898246
-0.911448
-0.479797
0.224706
0.797133
0.955957
0.676098
0.0688735
-0.574321
-0.933394
-0.865483
-0.363113
0.34961
0.859448
0.936445
0.585098
-0.0550907
-0.6665
-0.954492
-0.804787
-0.238899
0.467247
0.907066
0.902844
0.484096
-0.17803
-0.747586
-0.961215
-0.729813
-0.109641
0.575405
0.939778
0.855536
0.374584
-0.297677
-0.816598
-0.953298
-0.641347
0.0219576
0.672245
0.957574
0.795005
0.258329
-0.411898
-0.872787
-0.930543
-0.540558
0.153086
0.756328
0.96059
0.721878
0.13734
-0.518759
-0.915578
-0.892857
-0.429019
0.280956
0.826616
0.949047
0.636976
0.0138044
-0.616582
-0.944525
-0.840309
-0.3087
0.402925
0.882442
0.923231
0.541365
-0.109989
-0.703968
-0.959271
-0.773192
-0.181922
0.516602
0.923448
0.883486
0.436379
-0.231739
-0.779796
-0.959517
-0.692103
-0.0512805
0.619934
0.949523
0.830235
0.323638
-0.349228
-0.84319
-0.945026
-0.597993
0.0804575
0.711257
0.960728
0.764019
0.205019
-0.460402
-0.893486
-0.915639
-0.492209
0.210476
0.789314
0.957242
0.685544
0.08262
-0.563438
-0.930174
-0.871328
-0.376503
0.336038
0.853238
0.939317
0.595735
-0.0413159
-0.656779
-0.95285
-0.812252
-0.253007
0.454598
0.902507
0.907265
0.495776
-0.164482
-0.739151
-0.961187
-0.738833
-0.124179
0.563908
0.936879
0.86146
0.387128
-0.284604
-0.809547
-0.954909
-0.651818
0.00729674
0.662084
0.956329
0.802372
0.271528
-0.399528
-0.867192
-0.93381
-0.552329
0.138617
0.747644
0.960978
0.730607
0.15096
-0.507296
-0.911496
-0.897784
-0.441894
0.266984
0.819506
0.951041
0.646967
0.0275953
-0.606198
-0.942003
-0.846878
-0.322443
0.389732
0.876963
0.926797
0.552486
-0.0962836
-0.694805
-0.958344
-0.781359
-0.196258
0.504439
0.919626
0.888582
0.448468
-0.218373
-0.771964
-0.960215
-0.701784
-0.0659122
0.60901
0.94736
0.836808
0.3365
-0.336441
-0.836778
-0.947371
-0.609062
0.0658434
0.701739
0.960212
0.772001
0.218435
-0.448412
-0.888558
-0.919645
-0.504496
0.196191
0.781321
0.958348
0.694848
0.0963472
-0.552434
-0.926781
-0.876989
-0.389795
0.322378
0.846848
0.942015
0.606247
-0.0275313
-0.646921
-0.951032
-0.81954
-0.26705
0.441834
0.897762
0.911516
0.507349
-0.150897
-0.730567
-0.960977
-0.747685
-0.138685
0.552273
0.933795
0.867218
0.399586
-0.271467
-0.802338
-0.956336
-0.662133
-0.00736592
0.651769
0.954902
0.80958
0.284665
-0.38707
-0.861433
-0.936893
-0.563963
0.124111
0.738791
0.961187
0.739191
0.164545
-0.495722
-0.907244
-0.902528
-0.454658
0.252941
0.812217
0.952859
0.656824
0.0413798
-0.595686
-0.939304
-0.853268
-0.336102
0.37644
0.8713
0.930189
0.563488
-0.0825563
-0.6855
-0.957236
-0.789351
-0.210543
0.492151
0.91562
0.893509
0.460458
-0.204957
-0.763981
-0.96073
-0.711301
-0.0805261
0.597941
0.945015
0.84322
0.349287
-0.323578
-0.830204
-0.949533
-0.619985
0.0512116
0.692057
0.959514
0.779832
0.231801
-0.436323
-0.883462
-0.923466
-0.516659
0.181854
0.773153
0.959275
0.704011
0.110052
-0.541313
-0.923214
-0.882467
-0.402987
0.308635
0.840277
0.944537
0.61663
-0.0137404
-0.63693
-0.949038
-0.826649
-0.281022
0.428958
0.892834
0.915597
0.518812
-0.137277
-0.721837
-0.960588
-0.756368
-0.153154
0.540502
0.930527
0.872813
0.411956
-0.258268
-0.79497
-0.95758
-0.672292
-0.0220268
0.641297
0.95329
0.816631
0.297738
-0.374525
-0.855508
-0.939791
-0.575458
0.109572
0.72977
0.961215
0.747624
0.178092
-0.484041
-0.902823
-0.907087
-0.467306
0.238833
0.804751
0.954499
0.666545
0.0551546
-0.585048
-0.936431
-0.859477
-0.349674
0.36305
0.865455
0.933409
0.574372
-0.0688097
-0.676054
-0.95595
-0.797169
-0.224773
0.479739
0.911428
0.898268
0.472347
-0.191494
-0.755846
-0.961063
-0.720654
-0.0951188
0.586727
0.942484
0.849469
0.361996
-0.310642
-0.823471
-0.95151
-0.630758
0.0365664
0.682215
0.958634
0.787508
0.245114
-0.424138
-0.878199
-0.927103
-0.528692
0.167469
0.764812
0.960023
0.713031
0.123732
-0.530075
-0.919475
-0.887762
-0.416077
0.294812
0.833525
0.946883
0.626885
5.37038e-05
-0.626805
-0.946865
-0.833579
-0.294921
0.415974
0.887721
0.919505
0.530163
-0.123626
-0.712961
-0.960018
-0.764879
-0.167583
0.528598
0.927075
0.878241
0.424233
-0.24501
-0.787448
-0.958642
-0.682293
-0.0366817
0.630673
0.951495
0.823524
0.310743
-0.361897
-0.84942
-0.942505
-0.586815
0.0950044
0.720581
0.961061
0.75591
0.191599
-0.472255
-0.898231
-0.911462
-0.479837
0.224662
0.797109
0.955961
0.676128
0.0689168
-0.574287
-0.933385
-0.865502
-0.363156
0.349567
0.859429
0.936455
0.585132
-0.0550473
-0.66647
-0.954487
-0.804811
-0.238944
0.467207
0.907052
0.902858
0.484133
-0.177987
-0.747559
-0.961215
-0.729842
-0.109686
0.575369
0.939769
0.855555
0.374623
-0.297636
-0.816576
-0.953303
-0.64138
0.0219114
0.672213
0.957571
0.795029
0.258371
-0.41186
-0.87277
-0.930553
-0.540595
0.153041
0.756301
0.960592
0.721905
0.137383
-0.518723
-0.915565
-0.892873
-0.42906
0.280912
0.826594
0.949054
0.637008
0.0138479
-0.616549
-0.944517
-0.84033
-0.308744
0.402884
0.882425
0.923242
0.5414
-0.109946
-0.70394
-0.959268
-0.773218
-0.181967
0.516564
0.923436
0.883502
0.436418
-0.231697
-0.779771
-0.95952
-0.692134
-0.0513266
0.6199
0.949517
0.830256
0.323678
-0.349188
-0.84317
-0.945034
-0.598028
0.0804115
0.711227
0.960727
0.764044
0.205061
-0.460365
-0.893471
-0.915652
-0.492248
0.210431
0.789289
0.957245
0.685573
0.0826633
-0.563403
-0.930163
-0.871346
-0.376545
0.335995
0.853218
0.939326
0.595768
-0.0412724
-0.656748
-0.952845
-0.812275
-0.253052
0.454558
0.902492
0.907278
0.495813
-0.164439
-0.739124
-0.961186
-0.738861
-0.124225
0.563872
0.93687
0.861479
0.387167
-0.284563
-0.809524
-0.954914
-0.65185
0.00725053
0.662052
0.956325
0.802394
0.27157
-0.399489
-0.867174
-0.93382
-0.552365
0.138571
0.747616
0.960979
0.730635
0.151003
-0.50726
-0.911483
-0.8978
-0.441934
0.26694
0.819484
0.951047
0.646998
0.0276387
-0.606165
-0.941994
-0.846899
-0.322486
0.38969
0.876946
0.926808
0.552521
-0.0962404
-0.694776
-0.95834
-0.781385
-0.196304
0.5044
0.919614
0.888597
0.448506
-0.218331
-0.77194
-0.960217
-0.701814
-0.0659583
0.608976
0.947353
0.836828
0.336541
-0.3364
-0.836757
-0.947378
-0.609097
0.0657973
0.701709
0.96021
0.772026
0.218477
-0.448374
-0.888543
-0.919657
-0.504535
0.196146
0.781296
0.958351
0.694877
0.0963905
-0.552399
-0.92677
-0.877007
-0.389836
0.322335
0.846828
0.942023
0.60628
-0.0274879
-0.64689
-0.951026
-0.819562
-0.267094
0.441794
0.897747
0.911529
0.507385
-0.150854
-0.73054
-0.960976
-0.747712
-0.138731
0.552237
0.933785
0.867236
0.399625
-0.271426
-0.802315
-0.95634
-0.662165
-0.00741215
0.651736
0.954897
0.809602
0.284706
-0.38703
-0.861414
-0.936903
-0.563999
0.124065
0.738763
0.961188
0.739218
0.164588
-0.495686
-0.907231
-0.902543
-0.454698
0.252897
0.812194
0.952864
0.656855
0.0414232
-0.595653
-0.939295
-0.853288
-0.336145
0.376398
0.871282
0.9302
0.563523
-0.0825129
-0.685471
-0.957232
-0.789376
-0.210588
0.492112
0.915607
0.893524
0.460495
-0.204914
-0.763956
-0.960732
-0.711331
-0.0805721
0.597905
0.945007
0.84324
0.349327
-0.323537
-0.830183
-0.949539
-0.620019
0.0511655
0.692026
0.959511
0.779856
0.231843
-0.436285
-0.883446
-0.923477
-0.516697
0.181809
0.773127
0.959277
0.704039
0.110095
-0.541278
-0.923203
-0.882484
-0.403028
0.308592
0.840256
0.944544
0.616663
-0.0136969
-0.636898
-0.949031
-0.826671
-0.281066
0.428918
0.892818
0.915609
0.518848
-0.137234
-0.721809
-0.960586
-0.756395
-0.1532
0.540465
0.930516
0.87283
0.411995
-0.258226
-0.794947
-0.957583
-0.672324
-0.0220729
0.641264
0.953284
0.816653
0.297779
-0.374486
-0.855489
-0.9398
-0.575495
0.109526
0.729742
0.961215
0.747651
0.178135
-0.484004
-0.902809
-0.907102
-0.467345
0.238788
0.804728
0.954504
0.666576
0.055198
-0.585014
-0.936422
-0.859496
-0.349717
0.363008
0.865436
0.933419
0.574406
-0.0687663
-0.676024
-0.955946
-0.797193
-0.224818
0.4797
0.911415
0.898282
0.472384
-0.191452
-0.75582
-0.961064
-0.720683
-0.0951647
0.586691
0.942476
0.849488
0.362036
-0.310601
-0.823449
-0.951516
-0.630791
0.0365202
0.682184
0.958631
0.787532
0.245156
-0.424099
-0.878182
-0.927114
-0.52873
0.167424
0.764786
0.960025
0.713059
0.123775
-0.530039
-0.919463
-0.887778
-0.416118
0.294768
0.833503
0.94689
0.626917
9.71854e-05
-0.626773
-0.946858
-0.8336
-0.294965
0.415933
0.887705
0.919517
0.530198
-0.123583
-0.712933
-0.960016
-0.764905
-0.167628
0.528561
0.927064
0.878258
0.424272
-0.244968
-0.787424
-0.958645
-0.682325
-0.0367278
0.63064
0.951489
0.823545
0.310784
-0.361857
-0.849401
-0.942513
-0.586851
0.0949585
0.720552
0.96106
0.755935
0.191641
-0.472217
-0.898216
-0.911475
-0.479876
0.224617
0.797084
0.955965
0.676158
0.0689602
-0.574253
-0.933375
-0.865521
-0.363198
0.349525
0.859409
0.936464
0.585165
-0.0550039
-0.666439
-0.954482
-0.804835
-0.238989
0.467167
0.907038
0.902873
0.48417
-0.177944
-0.747533
-0.961215
-0.72987
-0.109732
0.575333
0.93976
0.855574
0.374663
-0.297595
-0.816554
-0.953308
-0.641413
0.0218652
0.672181
0.957567
0.795052
0.258413
-0.411821
-0.872753
-0.930564
-0.540632
0.152995
0.756273
0.960593
0.721933
0.137426
-0.518687
-0.915553
-0.892889
-0.4291
0.280868
0.826571
0.94906
0.63704
0.0138913
-0.616517
-0.94451
-0.840351
-0.308787
0.402842
0.882408
0.923254
0.541435
-0.109903
-0.703911
-0.959266
-0.773244
-0.182012
0.516526
0.923425
0.883519
0.436456
-0.231655
-0.779747
-0.959522
-0.692164
-0.0513728
0.619865
0.94951
0.830277
0.323719
-0.349148
-0.84315
-0.945042
-0.598063
0.0803654
0.711197
0.960726
0.764069
0.205104
-0.460327
-0.893456
-0.915665
-0.492287
0.210386
0.789264
0.957249
0.685603
0.0827066
-0.563369
-0.930153
-0.871364
-0.376587
0.335952
0.853199
0.939334
0.595802
-0.041229
-0.656717
-0.95284
-0.812298
-0.253096
0.454518
0.902478
0.907292
0.495849
-0.164397
-0.739097
-0.961186
-0.738889
-0.124271
0.563835
0.93686
0.861497
0.387207
-0.284522
-0.809502
-0.954919
-0.651883
0.00720432
0.66202
0.956321
0.802417
0.271611
-0.39945
-0.867156
-0.93383
-0.552402
0.138525
0.747589
0.96098
0.730662
0.151046
-0.507223
-0.91147
-0.897815
-0.441975
0.266895
0.819461
0.951053
0.64703
0.0276822
-0.606132
-0.941986
-0.846919
-0.322529
0.389649
0.876928
0.926819
0.552555
-0.0961971
-0.694747
-0.958337
-0.78141
-0.196349
0.504362
0.919602
0.888613
0.448544
-0.218288
-0.771915
-0.960218
-0.701844
-0.0660044
0.608941
0.947346
0.836849
0.336581
-0.33636
-0.836737
-0.947385
-0.609131
0.0657512
0.701679
0.960208
0.772051
0.218519
-0.448336
-0.888527
-0.919669
-0.504573
0.196101
0.78127
0.958355
0.694906
0.0964337
-0.552364
-0.926759
-0.877025
-0.389878
0.322292
0.846807
0.942031
0.606313
-0.0274444
-0.646858
-0.95102
-0.819585
-0.267138
0.441753
0.897731
0.911542
0.507422
-0.150811
-0.730513
-0.960975
-0.74774
-0.138776
0.5522
0.933775
0.867254
0.399664
-0.271384
-0.802292
-0.956344
-0.662197
-0.00745837
0.651703
0.954892
0.809625
0.284748
-0.386991
-0.861396
-0.936912
-0.564035
0.124019
0.738735
0.961188
0.739244
0.16463
-0.495649
-0.907217
-0.902558
-0.454738
0.252852
0.812171
0.952869
0.656886
0.0414667
-0.595619
-0.939286
-0.853308
-0.336188
0.376356
0.871264
0.93021
0.563557
-0.0824696
-0.685441
-0.957229
-0.789401
-0.210633
0.492073
0.915595
0.893539
0.460533
-0.204872
-0.76393
-0.960733
-0.71136
-0.0806182
0.59787
0.944999
0.84326
0.349368
-0.323496
-0.830162
-0.949546
-0.620053
0.0511193
0.691996
0.959509
0.77988
0.231885
-0.436247
-0.883429
-0.923489
-0.516735
0.181764
0.773101
0.95928
0.704068
0.110138
-0.541243
-0.923191
-0.882501
-0.403069
0.308548
0.840235
0.944552
0.616695
-0.0136535
-0.636866
-0.949024
-0.826693
-0.28111
0.428877
0.892802
0.915622
0.518884
-0.137191
-0.721781
-0.960585
-0.756422
-0.153245
0.540427
0.930506
0.872848
0.412033
-0.258185
-0.794924
-0.957587
-0.672356
-0.0221191
0.641231
0.953279
0.816675
0.29782
-0.374446
-0.855471
-0.939808
-0.575531
0.10948
0.729713
0.961214
0.747677
0.178177
-0.483967
-0.902795
-0.907116
-0.467385
0.238743
0.804704
0.954509
0.666606
0.0552414
-0.584981
-0.936413
-0.859515
-0.349759
0.362965
0.865418
0.933429
0.57444
-0.068723
-0.675994
-0.955941
-0.797218
-0.224863
0.47966
0.911401
0.898297
0.472421
-0.191409
-0.755794
-0.961064
-0.720712
-0.0952107
0.586655
0.942468
0.849507
0.362075
-0.31056
-0.823428
-0.951522
-0.630825
0.036474
0.682153
0.958628
0.787556
0.245197
-0.424061
-0.878165
-0.927125
-0.528768
0.167379
0.764759
0.960027
0.713087
0.123818
-0.530004
-0.919451
-0.887795
-0.416159
0.294725
0.833482
0.946897
0.626949
0.000140652
-0.626741
-0.946851
-0.833622
-0.295008
0.415892
0.887689
0.919529
0.530234
-0.123539
-0.712905
-0.960014
-0.764932
-0.167673
0.528523
0.927052
0.878275
0.424311
-0.244926
-0.7874
-0.958648
-0.682356
-0.036774
0.630606
0.951483
0.823567
0.310825
-0.361817
-0.849381
-0.942521
-0.586886
0.0949125
0.720523
0.961059
0.755961
0.191684
-0.47218
-0.898202
-0.911489
-0.479915
0.224572
0.79706
0.95597
0.676188
0.0690035
-0.574219
-0.933365
-0.865539
-0.36324
0.349482
0.85939
0.936473
0.585199
-0.0549605
-0.666409
-0.954477
-0.804858
-0.239033
0.467128
0.907024
0.902887
0.484207
-0.177902
-0.747507
-0.961215
-0.729899
-0.109778
0.575297
0.939751
0.855593
0.374703
-0.297554
-0.816532
-0.953314
-0.641447
0.021819
0.672149
0.957564
0.795076
0.258454
-0.411782
-0.872735
-0.930575
-0.54067
0.152949
0.756246
0.960595
0.721961
0.137469
-0.518651
-0.91554
-0.892905
-0.429141
0.280824
0.826549
0.949067
0.637072
0.0139348
-0.616484
-0.944502
-0.840371
-0.308831
0.402801
0.882391
0.923265
0.541471
-0.109859
-0.703883
-0.959263
-0.77327
-0.182058
0.516487
0.923413
0.883535
0.436494
-0.231613
-0.779722
-0.959525
-0.692195
-0.0514189
0.619831
0.949504
0.830298
0.323759
-0.349107
-0.84313
-0.945049
-0.598098
0.0803194
0.711167
0.960724
0.764095
0.205146
-0.460289
-0.89344
-0.915678
-0.492325
0.210341
0.789239
0.957253
0.685632
0.0827499
-0.563334
-0.930142
-0.871382
-0.376629
0.335909
0.853179
0.939343
0.595835
-0.0411856
-0.656686
-0.952834
-0.812321
-0.253141
0.454478
0.902463
0.907306
0.495886
-0.164354
-0.739071
-0.961186
-0.738917
-0.124316
0.563799
0.936851
0.861515
0.387246
-0.28448
-0.809479
-0.954923
-0.651916
0.0071581
0.661988
0.956317
0.80244
0.271653
-0.399411
-0.867138
-0.93384
-0.552439
0.13848
0.747561
0.960981
0.730689
0.151088
-0.507187
-0.911457
-0.89783
-0.442015
0.266851
0.819438
0.951059
0.647061
0.0277257
-0.606099
-0.941978
-0.84694
-0.322572
0.389607
0.87691
0.92683
0.55259
-0.0961539
-0.694718
-0.958334
-0.781436
-0.196394
0.504323
0.919589
0.888629
0.448582
-0.218246
-0.77189
-0.96022
-0.701874
-0.0660505
0.608906
0.947339
0.836869
0.336622
-0.33632
-0.836716
-0.947392
-0.609166
0.0657051
0.701648
0.960206
0.772076
0.218561
-0.448298
-0.888511
-0.919682
-0.504612
0.196056
0.781245
0.958358
0.694935
0.0964769
-0.552329
-0.926748
-0.877042
-0.38992
0.322248
0.846787
0.942039
0.606346
-0.0274009
-0.646827
-0.951014
-0.819608
-0.267182
0.441713
0.897716
0.911555
0.507458
-0.150768
-0.730485
-0.960974
-0.747768
-0.138822
0.552163
0.933765
0.867272
0.399703
-0.271343
-0.802269
-0.956349
-0.662229
-0.00750458
0.65167
0.954888
0.809648
0.284789
-0.386952
-0.861377
-0.936922
-0.564072
0.123973
0.738706
0.961188
0.739271
0.164673
-0.495612
-0.907203
-0.902572
-0.454778
0.252808
0.812147
0.952875
0.656917
0.0415101
-0.595586
-0.939278
-0.853327
-0.33623
0.376314
0.871246
0.93022
0.563592
-0.0824263
-0.685412
-0.957225
-0.789426
-0.210678
0.492034
0.915582
0.893555
0.46057
-0.20483
-0.763905
-0.960734
-0.71139
-0.0806642
0.597835
0.944991
0.84328
0.349408
-0.323456
-0.830141
-0.949552
-0.620087
0.0510732
0.691965
0.959506
0.779905
0.231927
-0.436208
-0.883413
-0.923501
-0.516773
0.181719
0.773075
0.959283
0.704096
0.110182
-0.541208
-0.92318
-0.882518
-0.403111
0.308505
0.840214
0.94456
0.616728
-0.01361
-0.636834
-0.949018
-0.826715
-0.281154
0.428836
0.892786
0.915634
0.51892
-0.137148
-0.721753
-0.960583
-0.756449
-0.153291
0.54039
0.930495
0.872865
0.412072
-0.258143
-0.7949
-0.957591
-0.672387
-0.0221653
0.641198
0.953274
0.816697
0.297861
-0.374406
-0.855452
-0.939817
-0.575567
0.109434
0.729684
0.961214
0.747704
0.17822
-0.48393
-0.902781
-0.90713
-0.467425
0.238699
0.80468
0.954514
0.666636
0.0552848
-0.584947
-0.936403
-0.859534
-0.349802
0.362923
0.865399
0.933438
0.574474
-0.0686796
-0.675964
-0.955937
-0.797242
-0.224908
0.479621
0.911388
0.898312
0.472459
-0.191367
-0.755768
-0.961065
-0.720741
-0.0952567
0.58662
0.942459
0.849527
0.362115
-0.310519
-0.823406
-0.951528
-0.630859
0.0364278
0.682121
0.958625
0.78758
0.245239
-0.424022
-0.878149
-0.927136
-0.528806
0.167333
0.764733
0.960029
0.713115
0.123861
-0.529968
-0.919439
-0.887811
-0.4162
0.294681
0.83346
0.946904
0.626981
0.000184119
-0.626709
-0.946844
-0.833643
-0.295052
0.415851
0.887672
0.919541
0.53027
-0.123496
-0.712877
-0.960012
-0.764958
-0.167719
0.528485
0.927041
0.878292
0.424349
-0.244884
-0.787376
-0.958651
-0.682387
-0.0368202
0.630572
0.951477
0.823588
0.310866
-0.361777
-0.849362
-0.942529
-0.586922
0.0948666
0.720494
0.961059
0.755987
0.191726
-0.472143
-0.898187
-0.911502
-0.479955
0.224527
0.797036
0.955974
0.676218
0.0690469
-0.574185
-0.933355
-0.865558
-0.363283
0.349439
0.859371
0.936483
0.585233
-0.0549171
-0.666378
-0.954472
-0.804882
-0.239078
0.467088
0.90701
0.902901
0.484244
-0.177859
-0.74748
-0.961216
-0.729928
-0.109824
0.575261
0.939742
0.855612
0.374742
-0.297513
-0.816511
-0.953319
-0.64148
0.0217728
0.672118
0.95756
0.795099
0.258496
-0.411743
-0.872718
-0.930585
-0.540707
0.152904
0.756219
0.960596
0.721989
0.137512
-0.518615
-0.915527
-0.892921
-0.429182
0.28078
0.826527
0.949073
0.637103
0.0139783
-0.616452
-0.944494
-0.840392
-0.308874
0.402759
0.882374
0.923277
0.541506
-0.109816
-0.703854
-0.95926
-0.773296
-0.182103
0.516449
0.923401
0.883551
0.436532
-0.231571
-0.779698
-0.959527
-0.692226
-0.051465
0.619797
0.949497
0.830319
0.3238
-0.349067
-0.84311
-0.945057
-0.598133
0.0802734
0.711138
0.960723
0.76412
0.205188
-0.460252
-0.893425
-0.915691
-0.492364
0.210296
0.789214
0.957256
0.685662
0.0827932
-0.5633
-0.930132
-0.8714
-0.376671
0.335866
0.853159
0.939352
0.595868
-0.0411421
-0.656656
-0.952829
-0.812345
-0.253185
0.454438
0.902448
0.907319
0.495923
-0.164311
-0.739044
-0.961185
-0.738946
-0.124362
0.563762
0.936841
0.861534
0.387286
-0.284439
-0.809457
-0.954928
-0.651949
0.00711188
0.661955
0.956313
0.802463
0.271694
-0.399372
-0.867121
-0.93385
-0.552476
0.138434
0.747533
0.960982
0.730717
0.151131
-0.507151
-0.911444
-0.897845
-0.442056
0.266807
0.819416
0.951065
0.647092
0.0277691
-0.606066
-0.94197
-0.84696
-0.322615
0.389565
0.876893
0.926841
0.552625
-0.0961107
-0.694689
-0.958331
-0.781461
-0.196439
0.504285
0.919577
0.888645
0.44862
-0.218204
-0.771865
-0.960222
-0.701905
-0.0660966
0.608872
0.947332
0.83689
0.336662
-0.336279
-0.836696
-0.947399
-0.609201
0.065659
0.701618
0.960204
0.772101
0.218603
-0.44826
-0.888495
-0.919694
-0.50465
0.196011
0.781219
0.958361
0.694965
0.0965202
-0.552295
-0.926737
-0.87706
-0.389962
0.322205
0.846766
0.942047
0.606379
-0.0273575
-0.646796
-0.951008
-0.81963
-0.267226
0.441672
0.897701
0.911568
0.507494
-0.150726
-0.730458
-0.960973
-0.747795
-0.138868
0.552126
0.933756
0.86729
0.399742
-0.271301
-0.802246
-0.956353
-0.662262
-0.00755081
0.651637
0.954883
0.80967
0.28483
-0.386912
-0.861359
-0.936931
-0.564108
0.123928
0.738678
0.961189
0.739298
0.164716
-0.495576
-0.90719
-0.902587
-0.454818
0.252764
0.812124
0.95288
0.656948
0.0415535
-0.595553
-0.939269
-0.853347
-0.336273
0.376271
0.871228
0.930231
0.563626
-0.082383
-0.685382
-0.957221
-0.789451
-0.210723
0.491995
0.915569
0.89357
0.460608
-0.204787
-0.763879
-0.960736
-0.71142
-0.0807102
0.5978
0.944984
0.8433
0.349448
-0.323415
-0.83012
-0.949559
-0.620122
0.051027
0.691934
0.959504
0.779929
0.231969
-0.43617
-0.883397
-0.923513
-0.516811
0.181673
0.773049
0.959285
0.704125
0.110225
-0.541172
-0.923168
-0.882535
-0.403152
0.308461
0.840193
0.944567
0.61676
-0.0135665
-0.636803
-0.949011
-0.826737
-0.281197
0.428795
0.89277
0.915647
0.518956
-0.137105
-0.721726
-0.960581
-0.756476
-0.153336
0.540353
0.930485
0.872882
0.412111
-0.258101
-0.794877
-0.957594
-0.672419
-0.0222115
0.641164
0.953268
0.816719
0.297902
-0.374367
-0.855433
-0.939826
-0.575603
0.109389
0.729656
0.961214
0.74773
0.178263
-0.483893
-0.902766
-0.907144
-0.467464
0.238654
0.804656
0.954519
0.666667
0.0553282
-0.584913
-0.936394
-0.859554
-0.349845
0.362881
0.86538
0.933448
0.574508
-0.0686363
-0.675934
-0.955933
-0.797266
-0.224952
0.479582
0.911374
0.898327
0.472496
-0.191324
-0.755742
-0.961066
-0.72077
-0.0953026
0.586584
0.942451
0.849546
0.362155
-0.310478
-0.823385
-0.951534
-0.630892
0.0363816
0.68209
0.958622
0.787604
0.245281
-0.423984
-0.878132
-0.927147
-0.528844
0.167288
0.764706
0.960031
0.713144
0.123904
-0.529933
-0.919427
-0.887827
-0.416241
0.294637
0.833439
0.946911
0.627013
0.0002276
-0.626677
-0.946837
-0.833665
-0.295096
0.41581
0.887656
0.919553
0.530305
-0.123453
-0.712848
-0.96001
-0.764985
-0.167764
0.528447
0.92703
0.878309
0.424388
-0.244843
-0.787352
-0.958654
-0.682419
-0.0368664
0.630539
0.951471
0.82361
0.310907
-0.361737
-0.849342
-0.942537
-0.586957
0.0948206
0.720464
0.961058
0.756013
0.191769
-0.472106
-0.898172
-0.911516
-0.479994
0.224483
0.797011
0.955978
0.676248
0.0690903
-0.574151
-0.933345
-0.865577
-0.363325
0.349397
0.859351
0.936492
0.585267
-0.0548737
-0.666348
-0.954467
-0.804906
-0.239122
0.467048
0.906996
0.902915
0.484281
-0.177817
-0.747454
-0.961216
-0.729956
-0.10987
0.575225
0.939733
0.855631
0.374782
-0.297472
-0.816489
-0.953325
-0.641513
0.0217266
0.672086
0.957556
0.795123
0.258538
-0.411704
-0.872701
-0.930596
-0.540744
0.152858
0.756192
0.960598
0.722016
0.137555
-0.518579
-0.915515
-0.892937
-0.429223
0.280737
0.826505
0.94908
0.637135
0.0140218
-0.616419
-0.944487
-0.840413
-0.308918
0.402718
0.882357
0.923288
0.541541
-0.109773
-0.703825
-0.959258
-0.773322
-0.182148
0.516411
0.92339
0.883568
0.436571
-0.231529
-0.779674
-0.95953
-0.692257
-0.0515112
0.619763
0.949491
0.83034
0.323841
-0.349027
-0.84309
-0.945065
-0.598169
0.0802273
0.711108
0.960721
0.764146
0.205231
-0.460214
-0.89341
-0.915704
-0.492403
0.210251
0.789189
0.95726
0.685691
0.0828365
-0.563265
-0.930122
-0.871418
-0.376713
0.335823
0.853139
0.939361
0.595902
-0.0410987
-0.656625
-0.952823
-0.812368
-0.253229
0.454398
0.902434
0.907333
0.495959
-0.164268
-0.739017
-0.961185
-0.738974
-0.124408
0.563726
0.936832
0.861552
0.387325
-0.284398
-0.809434
-0.954933
-0.651982
0.00706565
0.661923
0.956308
0.802486
0.271736
-0.399333
-0.867103
-0.93386
-0.552513
0.138388
0.747506
0.960983
0.730744
0.151174
-0.507115
-0.911431
-0.897861
-0.442096
0.266763
0.819393
0.951071
0.647124
0.0278126
-0.606033
-0.941962
-0.846981
-0.322658
0.389523
0.876875
0.926852
0.55266
-0.0960674
-0.694659
-0.958327
-0.781487
-0.196484
0.504246
0.919565
0.88866
0.448658
-0.218162
-0.77184
-0.960224
-0.701935
-0.0661427
0.608837
0.947325
0.83691
0.336702
-0.336239
-0.836675
-0.947407
-0.609235
0.0656129
0.701588
0.960202
0.772126
0.218646
-0.448222
-0.88848
-0.919706
-0.504689
0.195965
0.781194
0.958364
0.694994
0.0965634
-0.55226
-0.926726
-0.877077
-0.390003
0.322162
0.846746
0.942056
0.606412
-0.027314
-0.646765
-0.951002
-0.819653
-0.26727
0.441632
0.897686
0.911581
0.507531
-0.150683
-0.730431
-0.960972
-0.747823
-0.138913
0.552089
0.933746
0.867308
0.399782
-0.27126
-0.802223
-0.956357
-0.662294
-0.00759702
0.651605
0.954878
0.809693
0.284872
-0.386873
-0.86134
-0.936941
-0.564145
0.123882
0.73865
0.961189
0.739325
0.164759
-0.495539
-0.907176
-0.902601
-0.454858
0.252719
0.812101
0.952886
0.656978
0.0415969
-0.595519
-0.93926
-0.853367
-0.336316
0.376229
0.87121
0.930241
0.563661
-0.0823397
-0.685353
-0.957217
-0.789476
-0.210768
0.491956
0.915556
0.893585
0.460646
-0.204745
-0.763854
-0.960737
-0.71145
-0.0807563
0.597765
0.944976
0.84332
0.349488
-0.323374
-0.830099
-0.949565
-0.620156
0.0509809
0.691903
0.959501
0.779954
0.232011
-0.436132
-0.88338
-0.923524
-0.516849
0.181628
0.773023
0.959288
0.704154
0.110268
-0.541137
-0.923157
-0.882552
-0.403194
0.308418
0.840172
0.944575
0.616793
-0.013523
-0.636771
-0.949005
-0.82676
-0.281241
0.428755
0.892754
0.91566
0.518992
-0.137062
-0.721698
-0.96058
-0.756503
-0.153382
0.540316
0.930474
0.8729
0.41215
-0.25806
-0.794853
-0.957598
-0.672451
-0.0222577
0.641131
0.953263
0.816741
0.297943
-0.374327
-0.855414
-0.939835
-0.575639
0.109343
0.729627
0.961214
0.747756
0.178305
-0.483856
-0.902752
-0.907158
-0.467504
0.23861
0.804632
0.954524
0.666697
0.0553716
-0.584879
-0.936385
-0.859573
-0.349887
0.362838
0.865362
0.933458
0.574542
-0.0685929
-0.675904
-0.955929
-0.797291
-0.224997
0.479543
0.911361
0.898341
0.472533
-0.191282
-0.755716
-0.961067
-0.7208
-0.0953486
0.586549
0.942443
0.849566
0.362195
-0.310438
-0.823363
-0.95154
-0.630926
0.0363354
0.682059
0.958619
0.787628
0.245323
-0.423945
-0.878115
-0.927158
-0.528881
0.167242
0.76468
0.960033
0.713172
0.123947
-0.529897
-0.919415
-0.887844
-0.416282
0.294594
0.833417
0.946918
0.627045
0.000271104
-0.626645
-0.94683
-0.833686
-0.295139
0.415769
0.887639
0.919565
0.530341
-0.12341
-0.71282
-0.960008
-0.765011
-0.16781
0.52841
0.927019
0.878325
0.424426
-0.244801
-0.787328
-0.958657
-0.68245
-0.0369126
0.630505
0.951465
0.823631
0.310948
-0.361697
-0.849323
-0.942546
-0.586993
0.0947747
0.720435
0.961057
0.756039
0.191811
-0.472068
-0.898157
-0.911529
-0.480033
0.224438
0.796987
0.955983
0.676278
0.0691336
-0.574116
-0.933335
-0.865595
-0.363367
0.349354
0.859332
0.936502
0.5853
-0.0548303
-0.666317
-0.954463
-0.80493
-0.239167
0.467009
0.906982
0.902929
0.484318
-0.177774
-0.747428
-0.961216
-0.729985
-0.109916
0.575189
0.939724
0.85565
0.374822
-0.297431
-0.816467
-0.95333
-0.641546
0.0216804
0.672054
0.957553
0.795146
0.258579
-0.411665
-0.872683
-0.930606
-0.540782
0.152813
0.756165
0.960599
0.722044
0.137598
-0.518543
-0.915502
-0.892952
-0.429264
0.280693
0.826483
0.949086
0.637167
0.0140652
-0.616387
-0.944479
-0.840434
-0.308961
0.402676
0.88234
0.9233
0.541576
-0.10973
-0.703797
-0.959255
-0.773348
-0.182194
0.516373
0.923378
0.883584
0.436609
-0.231487
-0.779649
-0.959532
-0.692288
-0.0515573
0.619728
0.949484
0.830361
0.323881
-0.348987
-0.84307
-0.945072
-0.598204
0.0801813
0.711078
0.96072
0.764171
0.205273
-0.460176
-0.893394
-0.915717
-0.492442
0.210207
0.789165
0.957264
0.685721
0.0828798
-0.563231
-0.930111
-0.871436
-0.376755
0.33578
0.853119
0.93937
0.595935
-0.0410552
-0.656594
-0.952818
-0.812391
-0.253274
0.454358
0.902419
0.907347
0.495996
-0.164226
-0.73899
-0.961185
-0.739002
-0.124454
0.563689
0.936822
0.861571
0.387364
-0.284356
-0.809412
-0.954937
-0.652014
0.00701944
0.661891
0.956304
0.802509
0.271777
-0.399294
-0.867085
-0.93387
-0.55255
0.138343
0.747478
0.960984
0.730771
0.151217
-0.507078
-0.911418
-0.897876
-0.442136
0.266719
0.81937
0.951077
0.647155
0.027856
-0.606
-0.941953
-0.847001
-0.322702
0.389482
0.876858
0.926863
0.552695
-0.0960242
-0.69463
-0.958324
-0.781512
-0.196529
0.504207
0.919552
0.888676
0.448696
-0.21812
-0.771815
-0.960226
-0.701965
-0.0661887
0.608802
0.947318
0.836931
0.336743
-0.336198
-0.836655
-0.947414
-0.60927
0.0655668
0.701558
0.9602
0.772151
0.218688
-0.448184
-0.888464
-0.919719
-0.504727
0.19592
0.781168
0.958368
0.695023
0.0966067
-0.552225
-0.926715
-0.877095
-0.390045
0.322119
0.846725
0.942064
0.606444
-0.0272705
-0.646733
-0.950996
-0.819676
-0.267315
0.441592
0.89767
0.911594
0.507567
-0.15064
-0.730404
-0.960971
-0.747851
-0.138959
0.552052
0.933735
0.867326
0.399821
-0.271218
-0.8022
-0.956361
-0.662326
-0.00764325
0.651572
0.954873
0.809715
0.284913
-0.386833
-0.861322
-0.93695
-0.564181
0.123836
0.738622
0.961189
0.739352
0.164802
-0.495502
-0.907162
-0.902616
-0.454898
0.252675
0.812078
0.952891
0.657009
0.0416403
-0.595486
-0.939251
-0.853387
-0.336359
0.376187
0.871192
0.930252
0.563695
-0.0822964
-0.685323
-0.957214
-0.789501
-0.210813
0.491917
0.915543
0.893601
0.460683
-0.204703
-0.763829
-0.960738
-0.711479
-0.0808023
0.59773
0.944968
0.84334
0.349528
-0.323334
-0.830078
-0.949572
-0.62019
0.0509347
0.691873
0.959499
0.779978
0.232053
-0.436094
-0.883364
-0.923536
-0.516887
0.181583
0.772997
0.959291
0.704182
0.110311
-0.541102
-0.923145
-0.882569
-0.403235
0.308374
0.840151
0.944583
0.616825
-0.0134795
-0.636739
-0.948998
-0.826782
-0.281285
0.428714
0.892739
0.915672
0.519028
-0.137019
-0.72167
-0.960578
-0.75653
-0.153427
0.540278
0.930463
0.872917
0.412189
-0.258018
-0.79483
-0.957602
-0.672483
-0.0223039
0.641098
0.953258
0.816763
0.297984
-0.374287
-0.855395
-0.939844
-0.575675
0.109297
0.729598
0.961214
0.747783
0.178348
-0.483819
-0.902738
-0.907172
-0.467544
0.238565
0.804608
0.954529
0.666728
0.055415
-0.584846
-0.936375
-0.859592
-0.34993
0.362796
0.865343
0.933468
0.574576
-0.0685496
-0.675874
-0.955924
-0.797315
-0.225042
0.479503
0.911347
0.898356
0.47257
-0.191239
-0.75569
-0.961068
-0.720829
-0.0953945
0.586513
0.942435
0.849585
0.362235
-0.310397
-0.823342
-0.951546
-0.63096
0.0362893
0.682027
0.958616
0.787652
0.245365
-0.423907
-0.878098
-0.92717
-0.528919
0.167197
0.764653
0.960035
0.7132
0.12399
-0.529861
-0.919403
-0.88786
-0.416323
0.29455
0.833396
0.946925
0.627077
0.000314586
-0.626613
-0.946822
-0.833708
-0.295183
0.415728
0.887623
0.919577
0.530376
-0.123367
-0.712792
-0.960006
-0.765038
-0.167855
0.528372
0.927008
0.878342
0.424465
-0.244759
-0.787304
-0.95866
-0.682481
-0.0369587
0.630471
0.951459
0.823653
0.310989
-0.361657
-0.849304
-0.942554
-0.587028
0.0947287
0.720406
0.961056
0.756065
0.191854
-0.472031
-0.898143
-0.911543
-0.480072
0.224393
0.796963
0.955987
0.676308
0.069177
-0.574082
-0.933325
-0.865614
-0.36341
0.349312
0.859313
0.936511
0.585334
-0.0547869
-0.666287
-0.954458
-0.804954
-0.239211
0.466969
0.906968
0.902943
0.484355
-0.177731
-0.747401
-0.961216
-0.730013
-0.109962
0.575153
0.939716
0.855669
0.374861
-0.29739
-0.816445
-0.953335
-0.64158
0.0216342
0.672022
0.957549
0.795169
0.258621
-0.411626
-0.872666
-0.930617
-0.540819
0.152767
0.756138
0.960601
0.722072
0.137641
-0.518507
-0.91549
-0.892968
-0.429304
0.280649
0.826461
0.949093
0.637199
0.0141087
-0.616354
-0.944471
-0.840455
-0.309004
0.402635
0.882323
0.923311
0.541611
-0.109687
-0.703768
-0.959252
-0.773374
-0.182239
0.516335
0.923366
0.8836
0.436647
-0.231445
-0.779625
-0.959535
-0.692318
-0.0516035
0.619694
0.949478
0.830382
0.323922
-0.348947
-0.84305
-0.94508
-0.598239
0.0801353
0.711048
0.960719
0.764197
0.205315
-0.460139
-0.893379
-0.915729
-0.492481
0.210162
0.78914
0.957268
0.68575
0.0829231
-0.563196
-0.930101
-0.871454
-0.376797
0.335737
0.853099
0.939378
0.595968
-0.0410118
-0.656563
-0.952812
-0.812414
-0.253318
0.454318
0.902404
0.90736
0.496033
-0.164183
-0.738963
-0.961184
-0.73903
-0.1245
0.563653
0.936813
0.861589
0.387404
-0.284315
-0.809389
-0.954942
-0.652047
0.00697322
0.661858
0.9563
0.802532
0.271819
-0.399254
-0.867067
-0.93388
-0.552586
0.138297
0.747451
0.960985
0.730798
0.15126
-0.507042
-0.911404
-0.897891
-0.442177
0.266675
0.819348
0.951083
0.647186
0.0278995
-0.605967
-0.941945
-0.847022
-0.322745
0.38944
0.87684
0.926874
0.55273
-0.0959809
-0.694601
-0.958321
-0.781538
-0.196574
0.504169
0.91954
0.888692
0.448734
-0.218077
-0.77179
-0.960228
-0.701995
-0.0662348
0.608768
0.947311
0.836951
0.336783
-0.336158
-0.836634
-0.947421
-0.609304
0.0655207
0.701527
0.960199
0.772176
0.21873
-0.448146
-0.888448
-0.919731
-0.504766
0.195875
0.781143
0.958371
0.695052
0.0966499
-0.55219
-0.926703
-0.877112
-0.390087
0.322076
0.846705
0.942072
0.606477
-0.0272271
-0.646702
-0.95099
-0.819698
-0.267359
0.441551
0.897655
0.911607
0.507603
-0.150597
-0.730376
-0.96097
-0.747878
-0.139005
0.552015
0.933726
0.867344
0.39986
-0.271176
-0.802177
-0.956365
-0.662359
-0.00768945
0.651539
0.954868
0.809738
0.284954
-0.386794
-0.861304
-0.93696
-0.564218
0.12379
0.738594
0.96119
0.739378
0.164844
-0.495466
-0.907149
-0.902631
-0.454938
0.252631
0.812054
0.952897
0.65704
0.0416838
-0.595453
-0.939242
-0.853407
-0.336402
0.376145
0.871174
0.930262
0.56373
-0.0822531
-0.685294
-0.95721
-0.789526
-0.210858
0.491878
0.91553
0.893616
0.460721
-0.20466
-0.763803
-0.96074
-0.711509
-0.0808483
0.597695
0.944961
0.843359
0.349569
-0.323293
-0.830057
-0.949578
-0.620224
0.0508886
0.691842
0.959496
0.780002
0.232095
-0.436055
-0.883348
-0.923548
-0.516925
0.181538
0.772972
0.959293
0.704211
0.110354
-0.541067
-0.923134
-0.882586
-0.403277
0.308331
0.84013
0.944591
0.616858
-0.013436
-0.636707
-0.948992
-0.826804
-0.281329
0.428673
0.892723
0.915685
0.519064
-0.136976
-0.721642
-0.960577
-0.756557
-0.153473
0.540241
0.930453
0.872934
0.412227
-0.257976
-0.794806
-0.957605
-0.672514
-0.0223501
0.641065
0.953252
0.816785
0.298025
-0.374248
-0.855376
-0.939853
-0.575711
0.109251
0.729569
0.961214
0.747809
0.178391
-0.483782
-0.902724
-0.907186
-0.467583
0.23852
0.804585
0.954533
0.666758
0.0554584
-0.584812
-0.936366
-0.859611
-0.349973
0.362754
0.865324
0.933478
0.57461
-0.0685062
-0.675844
-0.95592
-0.797339
-0.225087
0.479464
0.911334
0.898371
0.472608
-0.191197
-0.755665
-0.961068
-0.720858
-0.0954405
0.586477
0.942426
0.849605
0.362275
-0.310356
-0.82332
-0.951552
-0.630994
0.0362431
0.681996
0.958613
0.787676
0.245407
-0.423868
-0.878081
-0.927181
-0.528957
0.167152
0.764626
0.960037
0.713228
0.124033
-0.529826
-0.919391
-0.887876
-0.416364
0.294506
0.833374
0.946933
0.627109
0.00035806
-0.62658
-0.946815
-0.833729
-0.295227
0.415686
0.887607
0.919589
0.530412
-0.123324
-0.712763
-0.960004
-0.765065
-0.167901
0.528334
0.926996
0.878359
0.424503
-0.244717
-0.78728
-0.958663
-0.682512
-0.0370049
0.630437
0.951453
0.823674
0.311029
-0.361617
-0.849284
-0.942562
-0.587064
0.0946828
0.720377
0.961056
0.75609
0.191896
-0.471994
-0.898128
-0.911556
-0.480112
0.224348
0.796938
0.955991
0.676338
0.0692203
-0.574048
-0.933316
-0.865633
-0.363452
0.349269
0.859293
0.93652
0.585368
-0.0547435
-0.666257
-0.954453
-0.804978
-0.239256
0.466929
0.906953
0.902957
0.484392
-0.177689
-0.747375
-0.961216
-0.730042
-0.110008
0.575117
0.939707
0.855688
0.374901
-0.297349
-0.816423
-0.953341
-0.641613
0.021588
0.671991
0.957545
0.795193
0.258663
-0.411587
-0.872648
-0.930628
-0.540856
0.152722
0.75611
0.960602
0.7221
0.137684
-0.518471
-0.915477
-0.892984
-0.429345
0.280605
0.826438
0.949099
0.63723
0.0141522
-0.616322
-0.944463
-0.840476
-0.309048
0.402594
0.882306
0.923323
0.541647
-0.109644
-0.703739
-0.95925
-0.7734
-0.182284
0.516297
0.923354
0.883616
0.436685
-0.231403
-0.7796
-0.959538
-0.692349
-0.0516496
0.61966
0.949471
0.830403
0.323963
-0.348906
-0.84303
-0.945088
-0.598274
0.0800892
0.711019
0.960717
0.764222
0.205358
-0.460101
-0.893364
-0.915742
-0.49252
0.210117
0.789115
0.957271
0.68578
0.0829664
-0.563162
-0.93009
-0.871472
-0.376839
0.335694
0.85308
0.939387
0.596002
-0.0409684
-0.656532
-0.952807
-0.812438
-0.253362
0.454277
0.90239
0.907374
0.496069
-0.16414
-0.738936
-0.961184
-0.739058
-0.124545
0.563616
0.936804
0.861607
0.387443
-0.284274
-0.809367
-0.954947
-0.65208
0.00692701
0.661826
0.956296
0.802555
0.27186
-0.399215
-0.867049
-0.93389
-0.552623
0.138252
0.747423
0.960986
0.730826
0.151303
-0.507006
-0.911391
-0.897906
-0.442217
0.26663
0.819325
0.951089
0.647217
0.027943
-0.605934
-0.941937
-0.847042
-0.322788
0.389398
0.876822
0.926885
0.552765
-0.0959377
-0.694572
-0.958317
-0.781563
-0.196619
0.50413
0.919527
0.888708
0.448772
-0.218035
-0.771765
-0.96023
-0.702025
-0.0662809
0.608733
0.947304
0.836971
0.336824
-0.336118
-0.836614
-0.947428
-0.609339
0.0654746
0.701497
0.960197
0.7722
0.218772
-0.448108
-0.888432
-0.919744
-0.504804
0.19583
0.781117
0.958374
0.695081
0.0966931
-0.552155
-0.926692
-0.87713
-0.390129
0.322032
0.846684
0.94208
0.60651
-0.0271836
-0.646671
-0.950984
-0.819721
-0.267403
0.441511
0.89764
0.91162
0.507639
-0.150554
-0.730349
-0.960969
-0.747906
-0.13905
0.551978
0.933716
0.867362
0.399899
-0.271135
-0.802154
-0.95637
-0.662391
-0.00773568
0.651506
0.954864
0.80976
0.284996
-0.386754
-0.861285
-0.936969
-0.564254
0.123745
0.738565
0.96119
0.739405
0.164887
-0.495429
-0.907135
-0.902645
-0.454978
0.252586
0.812031
0.952902
0.657071
0.0417272
-0.595419
-0.939234
-0.853427
-0.336445
0.376103
0.871156
0.930272
0.563764
-0.0822098
-0.685264
-0.957206
-0.789551
-0.210903
0.491839
0.915517
0.893631
0.460759
-0.204618
-0.763778
-0.960741
-0.711539
-0.0808944
0.597659
0.944953
0.843379
0.349609
-0.323252
-0.830036
-0.949585
-0.620258
0.0508425
0.691811
0.959494
0.780027
0.232137
-0.436017
-0.883331
-0.923559
-0.516963
0.181492
0.772946
0.959296
0.70424
0.110397
-0.541031
-0.923122
-0.882603
-0.403318
0.308288
0.840109
0.944598
0.61689
-0.0133926
-0.636676
-0.948985
-0.826826
-0.281373
0.428632
0.892707
0.915697
0.5191
-0.136933
-0.721615
-0.960575
-0.756585
-0.153519
0.540204
0.930442
0.872952
0.412266
-0.257934
-0.794783
-0.957609
-0.672546
-0.0223963
0.641032
0.953247
0.816807
0.298066
-0.374208
-0.855357
-0.939862
-0.575747
0.109205
0.729541
0.961213
0.747835
0.178433
-0.483745
-0.902709
-0.9072
-0.467623
0.238476
0.804561
0.954538
0.666789
0.0555018
-0.584778
-0.936357
-0.859631
-0.350015
0.362711
0.865305
0.933488
0.574644
-0.0684628
-0.675814
-0.955915
-0.797364
-0.225131
0.479425
0.91132
0.898385
0.472645
-0.191154
-0.755639
-0.961069
-0.720887
-0.0954864
0.586442
0.942418
0.849624
0.362315
-0.310315
-0.823299
-0.951558
-0.631027
0.0361969
0.681965
0.958609
0.7877
0.245449
-0.423829
-0.878064
-0.927192
-0.528995
0.167106
0.7646
0.960039
0.713256
0.124077
-0.52979
-0.919379
-0.887893
-0.416405
0.294463
0.833353
0.94694
0.627141
0.000401549
-0.626548
-0.946808
-0.833751
-0.29527
0.415645
0.88759
0.919602
0.530448
-0.123281
-0.712735
-0.960002
-0.765091
-0.167946
0.528296
0.926985
0.878376
