0.214507
0.799352
0.876607
0.867278
0.791539
0.650691
0.622084
0.615522
0.598826
0.580042
0.494924
0.4262
0.393351
0.361301
0.353101
0.308551
0.236163
0.186974
0.138302
0.118626
0.101749
0.0441488
-0.0102013
-0.0694368
-0.113549
-0.121767
-0.156928
-0.205436
-0.262924
-0.333894
-0.356052
-0.371549
-0.406771
-0.446156
-0.534052
-0.594135
-0.602393
-0.622843
-0.621519
-0.699089
-0.83946
-0.868513
-0.878823
-0.63735
0.129812
0.768496
0.878558
0.868039
0.805469
0.660735
0.621338
0.61781
0.599324
0.584837
0.504661
0.430348
0.396916
0.363303
0.35428
0.315626
0.242323
0.191679
0.142559
0.119075
0.105538
0.0503986
-0.00507573
-0.0631165
-0.111429
-0.120559
-0.151945
-0.20087
-0.25573
-0.328381
-0.355642
-0.368459
-0.403623
-0.440261
-0.524394
-0.591825
-0.601059
-0.621554
-0.62084
-0.685106
-0.829607
-0.868398
-0.880207
-0.687579
0.0434972
0.731318
0.87992
0.86832
0.818215
0.672243
0.620854
0.619851
0.600047
0.58875
0.514536
0.435008
0.400341
0.365696
0.35509
0.322261
0.248846
0.196296
0.147127
0.119687
0.108762
0.05674
-3.1949e-06
-0.056748
-0.108766
-0.119687
-0.147133
-0.196302
-0.248854
-0.32227
-0.355091
-0.365699
-0.400345
-0.435014
-0.514548
-0.588754
-0.600048
-0.619853
-0.620853
-0.672258
-0.81823
-0.868321
-0.879921
-0.731267
-0.0433867
0.687639
0.880207
0.868398
0.829593
0.685089
0.62084
0.621552
0.601058
0.591822
0.524382
0.440254
0.403619
0.368456
0.355641
0.328374
0.255722
0.200865
0.151939
0.120558
0.111426
0.0631085
0.0050693
-0.0504064
-0.105542
-0.119075
-0.142565
-0.191685
-0.242331
-0.315635
-0.354281
-0.363306
-0.39692
-0.430353
-0.504674
-0.584842
-0.599325
-0.617812
-0.621337
-0.660748
-0.805485
-0.86804
-0.878561
-0.768452
-0.129703
0.637418
0.878826
0.868512
0.839448
0.699071
0.621518
0.622842
0.602391
0.594132
0.53404
0.446148
0.406767
0.371545
0.356051
0.333887
0.262914
0.205431
0.156922
0.121765
0.113547
0.069429
0.0101948
-0.0441565
-0.101754
-0.118626
-0.138307
-0.18698
-0.23617
-0.30856
-0.353103
-0.361304
-0.393356
-0.426205
-0.494936
-0.580048
-0.598826
-0.615525
-0.622083
-0.650702
-0.791557
-0.867279
-0.87661
-0.799316
-0.214402
0.580685
0.875168
0.868867
0.847716
0.713961
0.623114
0.623681
0.604055
0.595789
0.543346
0.452718
0.40982
0.374905
0.356432
0.338745
0.270368
0.210054
0.162003
0.123375
0.115175
0.0756208
0.0154245
-0.0380468
-0.0974186
-0.118239
-0.134426
-0.18217
-0.230372
-0.301155
-0.351458
-0.359695
-0.389679
-0.422481
-0.485479
-0.574346
-0.598456
-0.613094
-0.622884
-0.642195
-0.776699
-0.86578
-0.87448
-0.824274
-0.296435
0.517763
0.868572
0.869613
0.854394
0.729476
0.625816
0.624055
0.606021
0.596909
0.552149
0.459971
0.412836
0.378468
0.356898
0.342927
0.278012
0.214795
0.167118
0.12543
0.116372
0.0815939
0.0207986
-0.0321129
-0.0925797
-0.117806
-0.130967
-0.177248
-0.224908
-0.293525
-0.349253
-0.358455
-0.385934
-0.419079
-0.476435
-0.567762
-0.598104
-0.610632
-0.62357
-0.635255
-0.761202
-0.863277
-0.872483
-0.843736
-0.374837
0.449059
0.85832
0.870818
0.85953
0.745308
0.62981
0.623997
0.608236
0.597633
0.560319
0.467885
0.415889
0.382165
0.357543
0.346418
0.285755
0.219719
0.172208
0.127954
0.117216
0.0872675
0.0263488
-0.0263702
-0.0872881
-0.117218
-0.127964
-0.172227
-0.219738
-0.285784
-0.346431
-0.357546
-0.382179
-0.415901
-0.467916
-0.560348
-0.597635
-0.608245
-0.623996
-0.629827
-0.745368
-0.859547
-0.870824
-0.858274
-0.448789
0.375127
0.843801
0.872476
0.863265
0.761142
0.635232
0.623572
0.610623
0.598102
0.567736
0.476402
0.419066
0.38592
0.358451
0.349244
0.293496
0.224888
0.177229
0.130955
0.117805
0.0925604
0.0320908
-0.0208192
-0.0816158
-0.116376
-0.125439
-0.167138
-0.214814
-0.278041
-0.342941
-0.3569
-0.378482
-0.412847
-0.459999
-0.552181
-0.596912
-0.606029
-0.624056
-0.625828
-0.729536
-0.854416
-0.869617
-0.868541
-0.517512
0.296742
0.824356
0.874472
0.865772
0.776641
0.642166
0.622887
0.613084
0.598455
0.574323
0.485444
0.422468
0.389665
0.359689
0.35145
0.301126
0.23035
0.182151
0.134412
0.118238
0.0974014
0.038024
-0.0154446
-0.0756437
-0.11518
-0.123381
-0.162022
-0.210071
-0.270396
-0.338763
-0.356434
-0.374918
-0.409831
-0.452744
-0.543381
-0.595794
-0.604062
-0.623683
-0.623122
-0.714018
-0.847744
-0.868869
-0.875149
-0.580459
0.214718
0.799422
0.876602
0.867275
0.791503
0.650667
0.622086
0.615516
0.598824
0.580029
0.4949
0.42619
0.393342
0.361297
0.353097
0.308533
0.236148
0.186962
0.138292
0.118625
0.101739
0.0441332
-0.0102144
-0.0694527
-0.113554
-0.12177
-0.156941
-0.205448
-0.262942
-0.333907
-0.356052
-0.371557
-0.406779
-0.446172
-0.534076
-0.59414
-0.602397
-0.622846
-0.621522
-0.699126
-0.839483
-0.868513
-0.878817
-0.637215
0.130029
0.768581
0.878554
0.868038
0.805435
0.660708
0.62134
0.617804
0.599323
0.584826
0.504637
0.430337
0.396907
0.363298
0.354277
0.315609
0.242307
0.191667
0.142548
0.119074
0.105529
0.0503827
-0.00508858
-0.0631325
-0.111435
-0.120562
-0.151958
-0.200882
-0.255748
-0.328396
-0.355643
-0.368467
-0.403631
-0.440275
-0.524419
-0.591832
-0.601062
-0.621558
-0.620841
-0.685139
-0.829633
-0.868398
-0.880205
-0.68746
0.0437165
0.731419
0.879917
0.86832
0.818185
0.672212
0.620855
0.619846
0.600045
0.588741
0.514511
0.434995
0.400332
0.36569
0.355088
0.322245
0.248829
0.196285
0.147115
0.119685
0.108755
0.056724
-1.59666e-05
-0.056764
-0.108773
-0.119689
-0.147145
-0.196313
-0.248871
-0.322286
-0.355093
-0.365706
-0.400353
-0.435026
-0.514573
-0.588763
-0.60005
-0.619858
-0.620853
-0.672289
-0.818261
-0.868321
-0.879923
-0.731165
-0.0431673
0.687758
0.880209
0.868398
0.829567
0.685055
0.620839
0.621548
0.601055
0.591815
0.524357
0.44024
0.403611
0.368448
0.35564
0.328359
0.255704
0.200853
0.151927
0.120555
0.11142
0.0630924
0.00505645
-0.0504224
-0.105551
-0.119077
-0.142576
-0.191696
-0.242347
-0.315652
-0.354284
-0.363311
-0.396929
-0.430364
-0.504698
-0.584853
-0.599327
-0.617818
-0.621336
-0.660776
-0.805519
-0.868041
-0.878565
-0.768367
-0.129487
0.637553
0.878832
0.868512
0.839425
0.699035
0.621516
0.62284
0.602387
0.594127
0.534016
0.446133
0.40676
0.371537
0.35605
0.333874
0.262896
0.205419
0.156909
0.121761
0.113543
0.0694132
0.0101818
-0.0441721
-0.101764
-0.118627
-0.138317
-0.186992
-0.236186
-0.308579
-0.353107
-0.361308
-0.393365
-0.426215
-0.49496
-0.580062
-0.598827
-0.615531
-0.622081
-0.650725
-0.791593
-0.867282
-0.876615
-0.799246
-0.214191
0.580836
0.875181
0.868866
0.847697
0.713923
0.623108
0.62368
0.604051
0.595786
0.543323
0.452701
0.409812
0.374896
0.356431
0.338734
0.270349
0.210042
0.16199
0.12337
0.115172
0.0756053
0.0154112
-0.038062
-0.0974302
-0.11824
-0.134435
-0.182182
-0.230386
-0.301174
-0.351463
-0.359698
-0.389689
-0.42249
-0.485502
-0.574362
-0.598457
-0.6131
-0.622882
-0.642214
-0.776737
-0.865785
-0.874486
-0.82422
-0.296232
0.51793
0.868592
0.869611
0.854379
0.729437
0.625807
0.624055
0.606015
0.596906
0.552128
0.459951
0.412829
0.378459
0.356896
0.342917
0.277993
0.214783
0.167105
0.125425
0.116369
0.0815791
0.0207848
-0.0321277
-0.0925926
-0.117808
-0.130975
-0.17726
-0.224921
-0.293545
-0.34926
-0.358458
-0.385943
-0.419087
-0.476457
-0.56778
-0.598105
-0.610638
-0.623569
-0.635271
-0.761242
-0.863284
-0.872488
-0.843692
-0.374644
0.449239
0.858351
0.870815
0.859519
0.745268
0.629798
0.623998
0.608231
0.597631
0.560299
0.467865
0.415881
0.382156
0.357541
0.34641
0.285735
0.219706
0.172195
0.127947
0.117214
0.0872537
0.0263346
-0.0263844
-0.0873019
-0.11722
-0.127971
-0.17224
-0.219751
-0.285804
-0.346439
-0.357548
-0.382188
-0.415909
-0.467937
-0.560368
-0.597636
-0.608251
-0.623995
-0.629839
-0.745409
-0.859558
-0.870828
-0.858243
-0.448609
0.375319
0.843844
0.872471
0.863258
0.761103
0.635216
0.623574
0.610617
0.598101
0.567718
0.476379
0.419058
0.38591
0.358448
0.349237
0.293477
0.224875
0.177216
0.130947
0.117804
0.0925476
0.0320761
-0.020833
-0.0816306
-0.116378
-0.125445
-0.16715
-0.214826
-0.278061
-0.342951
-0.356901
-0.378491
-0.412855
-0.460018
-0.552203
-0.596914
-0.606034
-0.624056
-0.625837
-0.729575
-0.854431
-0.86962
-0.86852
-0.517345
0.296945
0.824411
0.874467
0.865767
0.776603
0.642146
0.622889
0.613078
0.598454
0.574308
0.485421
0.422459
0.389656
0.359686
0.351445
0.301107
0.230336
0.182139
0.134402
0.118237
0.0973898
0.0380088
-0.0154579
-0.0756591
-0.115184
-0.123386
-0.162035
-0.210083
-0.270415
-0.338775
-0.356435
-0.374926
-0.409839
-0.452762
-0.543404
-0.595798
-0.604067
-0.623685
-0.623127
-0.714056
-0.847763
-0.86887
-0.875136
-0.580309
0.214928
0.799492
0.876597
0.867272
0.791467
0.650644
0.622088
0.61551
0.598823
0.580015
0.494875
0.42618
0.393333
0.361292
0.353094
0.308514
0.236133
0.186951
0.138282
0.118624
0.101729
0.0441176
-0.0102274
-0.0694685
-0.113559
-0.121774
-0.156954
-0.20546
-0.262961
-0.33392
-0.356053
-0.371565
-0.406787
-0.446188
-0.5341
-0.594145
-0.602401
-0.622849
-0.621525
-0.699163
-0.839506
-0.868514
-0.878812
-0.63708
0.130245
0.768667
0.878549
0.868037
0.805401
0.66068
0.621342
0.617799
0.599321
0.584815
0.504612
0.430326
0.396898
0.363292
0.354275
0.315591
0.242291
0.191655
0.142537
0.119072
0.10552
0.0503667
-0.00510143
-0.0631486
-0.111441
-0.120564
-0.15197
-0.200893
-0.255766
-0.32841
-0.355644
-0.368474
-0.403639
-0.440289
-0.524444
-0.591839
-0.601065
-0.621562
-0.620842
-0.685173
-0.82966
-0.868398
-0.880204
-0.687342
0.0439358
0.73152
0.879915
0.868319
0.818154
0.672181
0.620855
0.619842
0.600043
0.588733
0.514486
0.434983
0.400324
0.365683
0.355087
0.322229
0.248812
0.196273
0.147103
0.119683
0.108747
0.0567079
-2.87374e-05
-0.0567801
-0.10878
-0.119691
-0.147157
-0.196325
-0.248888
-0.322302
-0.355095
-0.365713
-0.400362
-0.435039
-0.514598
-0.588771
-0.600052
-0.619863
-0.620852
-0.672319
-0.818291
-0.868321
-0.879925
-0.731064
-0.042948
0.687877
0.88021
0.868398
0.82954
0.685021
0.620838
0.621544
0.601052
0.591808
0.524333
0.440226
0.403603
0.368441
0.355638
0.328344
0.255686
0.200842
0.151915
0.120553
0.111414
0.0630764
0.0050436
-0.0504383
-0.10556
-0.119078
-0.142587
-0.191708
-0.242363
-0.315669
-0.354286
-0.363317
-0.396937
-0.430375
-0.504723
-0.584864
-0.599328
-0.617823
-0.621334
-0.660803
-0.805553
-0.868042
-0.87857
-0.76828
-0.12927
0.637688
0.878838
0.868511
0.839402
0.698998
0.621513
0.622837
0.602384
0.594122
0.533992
0.446117
0.406752
0.371529
0.356049
0.333861
0.262877
0.205407
0.156897
0.121758
0.113538
0.0693974
0.0101688
-0.0441877
-0.101775
-0.118628
-0.138327
-0.187004
-0.236201
-0.308597
-0.35311
-0.361313
-0.393374
-0.426225
-0.494984
-0.580075
-0.598828
-0.615537
-0.622079
-0.650749
-0.79163
-0.867285
-0.87662
-0.799176
-0.213981
0.580987
0.875194
0.868865
0.847679
0.713884
0.623103
0.623678
0.604046
0.595783
0.5433
0.452683
0.409805
0.374887
0.35643
0.338723
0.27033
0.21003
0.161977
0.123365
0.115168
0.0755899
0.0153978
-0.0380772
-0.0974418
-0.118241
-0.134444
-0.182194
-0.2304
-0.301193
-0.351467
-0.359702
-0.389698
-0.422499
-0.485525
-0.574377
-0.598458
-0.613106
-0.62288
-0.642234
-0.776776
-0.86579
-0.874491
-0.824165
-0.296028
0.518097
0.868612
0.869608
0.854364
0.729397
0.625799
0.624054
0.60601
0.596904
0.552107
0.459932
0.412821
0.37845
0.356895
0.342907
0.277973
0.214771
0.167093
0.125419
0.116367
0.0815644
0.020771
-0.0321424
-0.0926055
-0.117809
-0.130983
-0.177273
-0.224935
-0.293564
-0.349266
-0.35846
-0.385953
-0.419095
-0.47648
-0.567798
-0.598106
-0.610644
-0.623567
-0.635286
-0.761281
-0.863292
-0.872492
-0.843649
-0.374452
0.44942
0.858382
0.870811
0.859508
0.745228
0.629787
0.623999
0.608225
0.59763
0.56028
0.467844
0.415874
0.382146
0.357539
0.346402
0.285715
0.219694
0.172182
0.12794
0.117213
0.0872398
0.0263204
-0.0263986
-0.0873157
-0.117222
-0.127978
-0.172252
-0.219763
-0.285823
-0.346447
-0.35755
-0.382198
-0.415916
-0.467958
-0.560387
-0.597637
-0.608257
-0.623995
-0.629851
-0.745449
-0.859569
-0.870831
-0.858212
-0.448429
0.375511
0.843888
0.872467
0.86325
0.761063
0.635201
0.623575
0.610611
0.5981
0.5677
0.476357
0.41905
0.385901
0.358446
0.349231
0.293457
0.224861
0.177204
0.130939
0.117802
0.0925346
0.0320613
-0.0208468
-0.0816453
-0.116381
-0.12545
-0.167163
-0.214838
-0.27808
-0.342961
-0.356903
-0.3785
-0.412863
-0.460037
-0.552224
-0.596917
-0.606039
-0.624057
-0.625845
-0.729615
-0.854446
-0.869622
-0.868499
-0.517178
0.297149
0.824466
0.874462
0.865762
0.776565
0.642127
0.622891
0.613072
0.598453
0.574293
0.485397
0.42245
0.389647
0.359682
0.35144
0.301088
0.230322
0.182127
0.134393
0.118236
0.0973782
0.0379936
-0.0154713
-0.0756745
-0.115187
-0.12339
-0.162048
-0.210095
-0.270434
-0.338786
-0.356436
-0.374935
-0.409847
-0.45278
-0.543427
-0.595801
-0.604071
-0.623686
-0.623132
-0.714095
-0.847781
-0.868872
-0.875123
-0.580158
0.215138
0.799563
0.876592
0.86727
0.79143
0.650621
0.62209
0.615504
0.598822
0.580002
0.494851
0.42617
0.393324
0.361288
0.35309
0.308496
0.236118
0.186938
0.138271
0.118623
0.101718
0.044102
-0.0102404
-0.0694843
-0.113564
-0.121777
-0.156967
-0.205471
-0.262979
-0.333934
-0.356054
-0.371574
-0.406794
-0.446203
-0.534124
-0.594149
-0.602404
-0.622851
-0.621527
-0.699199
-0.839529
-0.868514
-0.878806
-0.636945
0.130462
0.768752
0.878545
0.868036
0.805367
0.660653
0.621343
0.617793
0.59932
0.584804
0.504587
0.430315
0.396889
0.363287
0.354272
0.315574
0.242275
0.191643
0.142526
0.119071
0.105511
0.0503508
-0.00511428
-0.0631647
-0.111447
-0.120567
-0.151983
-0.200905
-0.255784
-0.328425
-0.355645
-0.368482
-0.403647
-0.440303
-0.524468
-0.591846
-0.601068
-0.621565
-0.620843
-0.685207
-0.829687
-0.868398
-0.880202
-0.687223
0.0441551
0.731621
0.879913
0.868319
0.818124
0.67215
0.620856
0.619837
0.600041
0.588724
0.514461
0.43497
0.400315
0.365677
0.355085
0.322213
0.248795
0.196262
0.147091
0.119681
0.10874
0.0566919
-4.15081e-05
-0.0567961
-0.108788
-0.119693
-0.147168
-0.196337
-0.248905
-0.322318
-0.355096
-0.365719
-0.40037
-0.435051
-0.514623
-0.58878
-0.600055
-0.619867
-0.620851
-0.67235
-0.818322
-0.868322
-0.879928
-0.730963
-0.0427287
0.687996
0.880212
0.868398
0.829513
0.684987
0.620837
0.621541
0.601049
0.591802
0.524308
0.440212
0.403595
0.368434
0.355637
0.32833
0.255669
0.20083
0.151902
0.12055
0.111408
0.0630603
0.00503074
-0.0504542
-0.105569
-0.119079
-0.142598
-0.19172
-0.242379
-0.315687
-0.354288
-0.363322
-0.396946
-0.430386
-0.504748
-0.584875
-0.59933
-0.617829
-0.621333
-0.660831
-0.805587
-0.868043
-0.878574
-0.768193
-0.129054
0.637822
0.878844
0.868511
0.839379
0.698961
0.62151
0.622834
0.60238
0.594117
0.533968
0.446101
0.406744
0.371521
0.356048
0.333847
0.262859
0.205396
0.156884
0.121754
0.113533
0.0693816
0.0101557
-0.0442034
-0.101785
-0.118629
-0.138338
-0.187016
-0.236216
-0.308615
-0.353114
-0.361318
-0.393383
-0.426235
-0.495009
-0.580088
-0.598829
-0.615543
-0.622077
-0.650772
-0.791666
-0.867287
-0.876625
-0.799105
-0.21377
0.581137
0.875207
0.868863
0.84766
0.713846
0.623098
0.623677
0.604042
0.595779
0.543277
0.452666
0.409797
0.374878
0.356429
0.338711
0.270311
0.210018
0.161964
0.123361
0.115165
0.0755744
0.0153844
-0.0380924
-0.0974534
-0.118242
-0.134454
-0.182207
-0.230415
-0.301212
-0.351472
-0.359705
-0.389707
-0.422508
-0.485549
-0.574393
-0.598458
-0.613112
-0.622878
-0.642253
-0.776814
-0.865795
-0.874497
-0.82411
-0.295825
0.518264
0.868632
0.869606
0.854349
0.729357
0.62579
0.624054
0.606005
0.596902
0.552085
0.459913
0.412813
0.378441
0.356894
0.342898
0.277954
0.214759
0.16708
0.125413
0.116364
0.0815496
0.0207572
-0.0321572
-0.0926184
-0.11781
-0.130991
-0.177285
-0.224948
-0.293583
-0.349272
-0.358463
-0.385962
-0.419103
-0.476502
-0.567816
-0.598107
-0.610651
-0.623566
-0.635302
-0.761321
-0.863299
-0.872497
-0.843605
-0.37426
0.4496
0.858412
0.870807
0.859496
0.745188
0.629775
0.623999
0.608219
0.597628
0.56026
0.467823
0.415866
0.382137
0.357537
0.346394
0.285696
0.219681
0.17217
0.127933
0.117211
0.087226
0.0263062
-0.0264129
-0.0873295
-0.117224
-0.127985
-0.172265
-0.219776
-0.285843
-0.346455
-0.357552
-0.382207
-0.415924
-0.467979
-0.560407
-0.597639
-0.608262
-0.623994
-0.629862
-0.745489
-0.85958
-0.870835
-0.858181
-0.448249
0.375704
0.843931
0.872462
0.863243
0.761023
0.635185
0.623577
0.610604
0.598099
0.567683
0.476335
0.419042
0.385891
0.358443
0.349225
0.293438
0.224848
0.177191
0.13093
0.117801
0.0925217
0.0320465
-0.0208606
-0.0816601
-0.116383
-0.125456
-0.167176
-0.21485
-0.2781
-0.34297
-0.356904
-0.378509
-0.41287
-0.460057
-0.552246
-0.596919
-0.606045
-0.624057
-0.625854
-0.729655
-0.854461
-0.869625
-0.868477
-0.517011
0.297352
0.824521
0.874456
0.865757
0.776526
0.642107
0.622893
0.613066
0.598452
0.574277
0.485374
0.422441
0.389637
0.359679
0.351435
0.301069
0.230308
0.182115
0.134384
0.118235
0.0973666
0.0379785
-0.0154847
-0.0756898
-0.115191
-0.123395
-0.162061
-0.210106
-0.270453
-0.338797
-0.356438
-0.374944
-0.409854
-0.452797
-0.54345
-0.595804
-0.604076
-0.623688
-0.623138
-0.714133
-0.8478
-0.868873
-0.87511
-0.580007
0.215349
0.799633
0.876587
0.867267
0.791394
0.650598
0.622092
0.615498
0.598821
0.579989
0.494827
0.426161
0.393315
0.361283
0.353087
0.308478
0.236103
0.186926
0.138261
0.118622
0.101708
0.0440864
-0.0102534
-0.0695001
-0.113568
-0.121781
-0.156979
-0.205483
-0.262998
-0.333947
-0.356055
-0.371582
-0.406802
-0.446219
-0.534148
-0.594154
-0.602408
-0.622854
-0.62153
-0.699236
-0.839552
-0.868515
-0.8788
-0.63681
0.130678
0.768838
0.87854
0.868034
0.805333
0.660625
0.621345
0.617787
0.599318
0.584793
0.504562
0.430304
0.396881
0.363281
0.35427
0.315557
0.242259
0.191632
0.142515
0.11907
0.105502
0.0503349
-0.00512713
-0.0631807
-0.111453
-0.120569
-0.151995
-0.200916
-0.255801
-0.328439
-0.355646
-0.368489
-0.403655
-0.440317
-0.524493
-0.591853
-0.601071
-0.621569
-0.620844
-0.685241
-0.829714
-0.868398
-0.880201
-0.687104
0.0443745
0.731722
0.87991
0.868319
0.818093
0.67212
0.620857
0.619832
0.600039
0.588715
0.514436
0.434958
0.400307
0.36567
0.355083
0.322197
0.248778
0.19625
0.147079
0.11968
0.108733
0.0566759
-5.42789e-05
-0.0568121
-0.108795
-0.119694
-0.14718
-0.196348
-0.248922
-0.322334
-0.355098
-0.365726
-0.400379
-0.435064
-0.514648
-0.588789
-0.600057
-0.619872
-0.62085
-0.672381
-0.818352
-0.868322
-0.87993
-0.730862
-0.0425094
0.688115
0.880213
0.868397
0.829486
0.684953
0.620837
0.621537
0.601046
0.591795
0.524283
0.440197
0.403587
0.368426
0.355636
0.328315
0.255651
0.200819
0.15189
0.120548
0.111402
0.0630442
0.00501786
-0.0504702
-0.105578
-0.119081
-0.142609
-0.191732
-0.242395
-0.315704
-0.354291
-0.363328
-0.396955
-0.430397
-0.504773
-0.584886
-0.599331
-0.617834
-0.621331
-0.660858
-0.805621
-0.868044
-0.878579
-0.768105
-0.128837
0.637957
0.87885
0.86851
0.839356
0.698924
0.621508
0.622831
0.602376
0.594112
0.533944
0.446086
0.406736
0.371513
0.356047
0.333834
0.26284
0.205384
0.156871
0.121751
0.113528
0.0693658
0.0101427
-0.044219
-0.101795
-0.11863
-0.138348
-0.187028
-0.236231
-0.308634
-0.353117
-0.361322
-0.393392
-0.426245
-0.495033
-0.580101
-0.59883
-0.615549
-0.622075
-0.650795
-0.791702
-0.86729
-0.876631
-0.799035
-0.21356
0.581288
0.87522
0.868862
0.847641
0.713807
0.623092
0.623675
0.604037
0.595776
0.543254
0.452648
0.40979
0.37487
0.356428
0.3387
0.270292
0.210006
0.161952
0.123356
0.115161
0.075559
0.0153711
-0.0381076
-0.097465
-0.118243
-0.134463
-0.182219
-0.230429
-0.301231
-0.351477
-0.359709
-0.389717
-0.422517
-0.485572
-0.574408
-0.598459
-0.613119
-0.622876
-0.642272
-0.776853
-0.8658
-0.874502
-0.824055
-0.295621
0.518431
0.868652
0.869603
0.854334
0.729317
0.625782
0.624054
0.605999
0.596899
0.552064
0.459894
0.412806
0.378432
0.356892
0.342888
0.277934
0.214747
0.167067
0.125407
0.116362
0.0815349
0.0207434
-0.0321719
-0.0926313
-0.117811
-0.130999
-0.177298
-0.224961
-0.293603
-0.349278
-0.358466
-0.385972
-0.419112
-0.476524
-0.567834
-0.598108
-0.610657
-0.623565
-0.635318
-0.761361
-0.863307
-0.872502
-0.843562
-0.374067
0.44978
0.858443
0.870804
0.859485
0.745148
0.629763
0.624
0.608213
0.597627
0.56024
0.467802
0.415858
0.382127
0.357535
0.346386
0.285676
0.219668
0.172157
0.127926
0.117209
0.0872122
0.026292
-0.0264271
-0.0873434
-0.117226
-0.127992
-0.172278
-0.219789
-0.285862
-0.346463
-0.357554
-0.382217
-0.415932
-0.467999
-0.560427
-0.59764
-0.608268
-0.623993
-0.629874
-0.745529
-0.859591
-0.870839
-0.85815
-0.448068
0.375896
0.843974
0.872457
0.863235
0.760983
0.635169
0.623578
0.610598
0.598098
0.567665
0.476313
0.419034
0.385882
0.358441
0.349219
0.293419
0.224835
0.177179
0.130922
0.1178
0.0925088
0.0320318
-0.0208744
-0.0816748
-0.116386
-0.125462
-0.167189
-0.214862
-0.278119
-0.34298
-0.356905
-0.378518
-0.412878
-0.460076
-0.552267
-0.596921
-0.60605
-0.624057
-0.625863
-0.729695
-0.854476
-0.869627
-0.868456
-0.516843
0.297556
0.824576
0.874451
0.865752
0.776488
0.642088
0.622895
0.61306
0.598451
0.574262
0.485351
0.422432
0.389628
0.359675
0.35143
0.30105
0.230294
0.182102
0.134374
0.118234
0.097355
0.0379633
-0.015498
-0.0757051
-0.115194
-0.123399
-0.162074
-0.210118
-0.270473
-0.338809
-0.356439
-0.374953
-0.409862
-0.452815
-0.543473
-0.595808
-0.60408
-0.62369
-0.623143
-0.714171
-0.847819
-0.868874
-0.875097
-0.579857
0.215559
0.799703
0.876582
0.867264
0.791358
0.650574
0.622095
0.615492
0.59882
0.579975
0.494802
0.426151
0.393306
0.361278
0.353083
0.30846
0.236088
0.186915
0.138251
0.118621
0.101698
0.0440708
-0.0102665
-0.0695159
-0.113573
-0.121785
-0.156992
-0.205494
-0.263016
-0.33396
-0.356056
-0.37159
-0.40681
-0.446235
-0.534172
-0.594159
-0.602412
-0.622857
-0.621532
-0.699273
-0.839575
-0.868515
-0.878794
-0.636675
0.130894
0.768924
0.878536
0.868033
0.805299
0.660598
0.621347
0.617782
0.599317
0.584782
0.504537
0.430293
0.396872
0.363276
0.354267
0.315539
0.242243
0.19162
0.142503
0.119069
0.105493
0.0503189
-0.00513998
-0.0631968
-0.111459
-0.120572
-0.152007
-0.200928
-0.255819
-0.328454
-0.355647
-0.368497
-0.403663
-0.440331
-0.524518
-0.59186
-0.601074
-0.621573
-0.620844
-0.685275
-0.82974
-0.868398
-0.880199
-0.686985
0.0445938
0.731823
0.879908
0.868318
0.818063
0.672089
0.620858
0.619827
0.600036
0.588707
0.514411
0.434945
0.400298
0.365664
0.355081
0.322181
0.248761
0.196238
0.147067
0.119678
0.108725
0.0566598
-6.70487e-05
-0.0568281
-0.108803
-0.119696
-0.147192
-0.19636
-0.248939
-0.32235
-0.3551
-0.365732
-0.400387
-0.435077
-0.514673
-0.588797
-0.600059
-0.619877
-0.62085
-0.672411
-0.818383
-0.868323
-0.879932
-0.730761
-0.0422901
0.688234
0.880214
0.868397
0.829459
0.684919
0.620836
0.621533
0.601043
0.591788
0.524259
0.440183
0.403579
0.368419
0.355635
0.3283
0.255633
0.200807
0.151878
0.120545
0.111396
0.0630282
0.00500499
-0.0504861
-0.105587
-0.119082
-0.14262
-0.191743
-0.242411
-0.315721
-0.354293
-0.363333
-0.396964
-0.430408
-0.504798
-0.584897
-0.599333
-0.61784
-0.62133
-0.660885
-0.805655
-0.868045
-0.878583
-0.768018
-0.128621
0.638092
0.878855
0.86851
0.839333
0.698888
0.621505
0.622829
0.602372
0.594108
0.533921
0.44607
0.406728
0.371505
0.356046
0.333821
0.262822
0.205373
0.156858
0.121747
0.113524
0.0693499
0.0101297
-0.0442346
-0.101805
-0.118631
-0.138358
-0.18704
-0.236246
-0.308652
-0.353121
-0.361327
-0.393402
-0.426255
-0.495057
-0.580114
-0.598831
-0.615555
-0.622073
-0.650818
-0.791739
-0.867293
-0.876636
-0.798965
-0.21335
0.581439
0.875233
0.868861
0.847622
0.713769
0.623087
0.623674
0.604033
0.595772
0.543231
0.452631
0.409782
0.374861
0.356427
0.338688
0.270273
0.209995
0.161939
0.123352
0.115158
0.0755435
0.0153577
-0.0381228
-0.0974765
-0.118244
-0.134472
-0.182231
-0.230443
-0.30125
-0.351481
-0.359713
-0.389726
-0.422526
-0.485595
-0.574424
-0.59846
-0.613125
-0.622874
-0.642292
-0.776891
-0.865805
-0.874507
-0.824
-0.295418
0.518598
0.868672
0.869601
0.854319
0.729277
0.625773
0.624053
0.605994
0.596897
0.552042
0.459875
0.412798
0.378423
0.356891
0.342878
0.277915
0.214734
0.167054
0.125401
0.116359
0.0815201
0.0207297
-0.0321867
-0.0926442
-0.117812
-0.131007
-0.17731
-0.224975
-0.293622
-0.349285
-0.358469
-0.385981
-0.41912
-0.476547
-0.567851
-0.598109
-0.610663
-0.623563
-0.635333
-0.7614
-0.863315
-0.872506
-0.843518
-0.373875
0.44996
0.858474
0.8708
0.859474
0.745108
0.629752
0.624001
0.608207
0.597626
0.560221
0.467781
0.41585
0.382118
0.357533
0.346378
0.285657
0.219656
0.172144
0.127919
0.117207
0.0871984
0.0262777
-0.0264413
-0.0873572
-0.117227
-0.127999
-0.172291
-0.219802
-0.285882
-0.346471
-0.357556
-0.382226
-0.41594
-0.46802
-0.560446
-0.597642
-0.608274
-0.623992
-0.629885
-0.745569
-0.859603
-0.870842
-0.858119
-0.447888
0.376089
0.844017
0.872453
0.863227
0.760943
0.635154
0.623579
0.610592
0.598097
0.567647
0.47629
0.419025
0.385872
0.358438
0.349212
0.293399
0.224821
0.177166
0.130914
0.117799
0.0924959
0.032017
-0.0208883
-0.0816896
-0.116388
-0.125468
-0.167202
-0.214874
-0.278139
-0.342989
-0.356907
-0.378528
-0.412885
-0.460095
-0.552289
-0.596923
-0.606055
-0.624058
-0.625871
-0.729734
-0.854491
-0.86963
-0.868434
-0.516676
0.297759
0.82463
0.874445
0.865747
0.776449
0.642068
0.622897
0.613053
0.59845
0.574246
0.485327
0.422423
0.389619
0.359672
0.351426
0.301031
0.230279
0.18209
0.134365
0.118233
0.0973434
0.0379481
-0.0155114
-0.0757204
-0.115198
-0.123404
-0.162087
-0.21013
-0.270492
-0.33882
-0.35644
-0.374962
-0.409869
-0.452832
-0.543496
-0.595811
-0.604085
-0.623691
-0.623148
-0.71421
-0.847837
-0.868875
-0.875084
-0.579706
0.21577
0.799774
0.876577
0.867262
0.791321
0.650551
0.622097
0.615486
0.598819
0.579962
0.494778
0.426141
0.393296
0.361274
0.353079
0.308441
0.236073
0.186903
0.13824
0.11862
0.101688
0.0440552
-0.0102795
-0.0695318
-0.113578
-0.121788
-0.157005
-0.205506
-0.263035
-0.333973
-0.356057
-0.371598
-0.406818
-0.44625
-0.534196
-0.594164
-0.602416
-0.622859
-0.621535
-0.699309
-0.839598
-0.868516
-0.878788
-0.636541
0.131111
0.769009
0.878531
0.868032
0.805265
0.660571
0.621349
0.617777
0.599315
0.584771
0.504513
0.430282
0.396863
0.36327
0.354265
0.315522
0.242227
0.191608
0.142492
0.119067
0.105484
0.050303
-0.00515283
-0.0632128
-0.111465
-0.120575
-0.15202
-0.200939
-0.255837
-0.328469
-0.355648
-0.368504
-0.403672
-0.440345
-0.524543
-0.591866
-0.601077
-0.621577
-0.620845
-0.685309
-0.829767
-0.868399
-0.880198
-0.686866
0.0448127
0.731924
0.879906
0.868318
0.818033
0.672058
0.620858
0.619823
0.600034
0.588698
0.514386
0.434933
0.40029
0.365657
0.35508
0.322164
0.248744
0.196227
0.147056
0.119676
0.108718
0.0566437
-7.98199e-05
-0.0568442
-0.10881
-0.119698
-0.147204
-0.196371
-0.248956
-0.322367
-0.355102
-0.365739
-0.400395
-0.435089
-0.514698
-0.588806
-0.600061
-0.619881
-0.620849
-0.672442
-0.818413
-0.868323
-0.879934
-0.73066
-0.0420708
0.688353
0.880215
0.868397
0.829432
0.684886
0.620835
0.621529
0.60104
0.591781
0.524234
0.440169
0.40357
0.368412
0.355634
0.328286
0.255615
0.200796
0.151865
0.120543
0.11139
0.0630121
0.00499211
-0.0505021
-0.105596
-0.119083
-0.142631
-0.191755
-0.242427
-0.315738
-0.354296
-0.363339
-0.396973
-0.430419
-0.504823
-0.584908
-0.599334
-0.617845
-0.621328
-0.660913
-0.805689
-0.868046
-0.878588
-0.767931
-0.128405
0.638227
0.878861
0.868509
0.83931
0.698851
0.621503
0.622826
0.602369
0.594103
0.533897
0.446054
0.406721
0.371496
0.356045
0.333808
0.262803
0.205361
0.156846
0.121744
0.113519
0.0693341
0.0101167
-0.0442502
-0.101815
-0.118632
-0.138369
-0.187052
-0.236261
-0.30867
-0.353125
-0.361331
-0.393411
-0.426265
-0.495082
-0.580128
-0.598832
-0.615561
-0.622071
-0.650842
-0.791775
-0.867296
-0.876641
-0.798894
-0.213139
0.581589
0.875246
0.86886
0.847604
0.713731
0.623082
0.623672
0.604028
0.595769
0.543208
0.452613
0.409774
0.374852
0.356426
0.338677
0.270254
0.209983
0.161926
0.123347
0.115154
0.0755281
0.0153443
-0.038138
-0.0974882
-0.118245
-0.134481
-0.182244
-0.230457
-0.301269
-0.351486
-0.359716
-0.389735
-0.422535
-0.485619
-0.574439
-0.598461
-0.613131
-0.622872
-0.642312
-0.77693
-0.86581
-0.874513
-0.823946
-0.295214
0.518765
0.868693
0.869599
0.854304
0.729238
0.625765
0.624053
0.605989
0.596895
0.552021
0.459856
0.412791
0.378414
0.35689
0.342869
0.277895
0.214722
0.167041
0.125396
0.116356
0.0815054
0.0207159
-0.0322015
-0.0926571
-0.117814
-0.131016
-0.177323
-0.224988
-0.293642
-0.349291
-0.358471
-0.385991
-0.419128
-0.476569
-0.567869
-0.598109
-0.610669
-0.623562
-0.635349
-0.76144
-0.863322
-0.872511
-0.843475
-0.373682
0.450139
0.858505
0.870797
0.859463
0.745067
0.62974
0.624001
0.608201
0.597624
0.560201
0.467761
0.415842
0.382108
0.357531
0.34637
0.285637
0.219643
0.172131
0.127912
0.117206
0.0871845
0.0262635
-0.0264555
-0.087371
-0.117229
-0.128006
-0.172304
-0.219814
-0.285902
-0.346479
-0.357558
-0.382236
-0.415948
-0.468041
-0.560466
-0.597643
-0.60828
-0.623992
-0.629897
-0.745609
-0.859614
-0.870846
-0.858089
-0.447708
0.376281
0.84406
0.872448
0.86322
0.760904
0.635138
0.623581
0.610586
0.598096
0.567629
0.476268
0.419017
0.385863
0.358435
0.349206
0.29338
0.224808
0.177154
0.130906
0.117798
0.092483
0.0320023
-0.0209021
-0.0817043
-0.116391
-0.125474
-0.167215
-0.214887
-0.278158
-0.342999
-0.356908
-0.378537
-0.412893
-0.460114
-0.55231
-0.596926
-0.606061
-0.624058
-0.62588
-0.729774
-0.854506
-0.869632
-0.868412
-0.516509
0.297963
0.824685
0.87444
0.865742
0.776411
0.642049
0.622899
0.613047
0.59845
0.574231
0.485304
0.422414
0.389609
0.359668
0.351421
0.301012
0.230265
0.182078
0.134356
0.118232
0.0973318
0.0379329
-0.0155248
-0.0757357
-0.115201
-0.123408
-0.1621
-0.210142
-0.270511
-0.338832
-0.356441
-0.37497
-0.409877
-0.45285
-0.543519
-0.595814
-0.60409
-0.623693
-0.623154
-0.714248
-0.847856
-0.868877
-0.875071
-0.579555
0.21598
0.799844
0.876572
0.867259
0.791285
0.650528
0.622099
0.61548
0.598818
0.579948
0.494754
0.426131
0.393287
0.361269
0.353076
0.308423
0.236058
0.186891
0.13823
0.118619
0.101677
0.0440395
-0.0102925
-0.0695476
-0.113583
-0.121792
-0.157018
-0.205518
-0.263053
-0.333986
-0.356058
-0.371606
-0.406825
-0.446266
-0.534219
-0.594169
-0.60242
-0.622862
-0.621538
-0.699346
-0.839621
-0.868516
-0.878782
-0.636406
0.131327
0.769095
0.878527
0.868031
0.805231
0.660543
0.62135
0.617771
0.599313
0.58476
0.504488
0.430271
0.396854
0.363265
0.354263
0.315504
0.242211
0.191596
0.142481
0.119066
0.105475
0.050287
-0.00516568
-0.0632289
-0.111471
-0.120577
-0.152032
-0.200951
-0.255855
-0.328483
-0.35565
-0.368512
-0.40368
-0.440359
-0.524567
-0.591873
-0.60108
-0.621581
-0.620846
-0.685343
-0.829793
-0.868399
-0.880196
-0.686747
0.0450311
0.732025
0.879904
0.868318
0.818002
0.672027
0.620859
0.619818
0.600032
0.588689
0.514361
0.43492
0.400281
0.365651
0.355078
0.322148
0.248727
0.196215
0.147044
0.119674
0.10871
0.0566277
-9.25902e-05
-0.0568602
-0.108817
-0.1197
-0.147216
-0.196383
-0.248973
-0.322383
-0.355103
-0.365745
-0.400404
-0.435102
-0.514723
-0.588815
-0.600063
-0.619886
-0.620848
-0.672473
-0.818444
-0.868324
-0.879937
-0.730559
-0.0418515
0.688472
0.880216
0.868397
0.829406
0.684852
0.620834
0.621525
0.601037
0.591774
0.524209
0.440155
0.403562
0.368404
0.355633
0.328271
0.255598
0.200784
0.151853
0.12054
0.111384
0.062996
0.00497923
-0.050518
-0.105605
-0.119085
-0.142643
-0.191767
-0.242443
-0.315756
-0.354298
-0.363344
-0.396981
-0.43043
-0.504848
-0.584919
-0.599336
-0.617851
-0.621327
-0.66094
-0.805723
-0.868047
-0.878592
-0.767844
-0.128188
0.638362
0.878867
0.868508
0.839287
0.698814
0.6215
0.622823
0.602365
0.594098
0.533873
0.446039
0.406713
0.371488
0.356044
0.333794
0.262785
0.205349
0.156833
0.12174
0.113514
0.0693183
0.0101036
-0.0442658
-0.101825
-0.118633
-0.138379
-0.187064
-0.236276
-0.308688
-0.353128
-0.361336
-0.39342
-0.426275
-0.495106
-0.580141
-0.598833
-0.615567
-0.622069
-0.650865
-0.791811
-0.867298
-0.876646
-0.798824
-0.212929
0.58174
0.875259
0.868858
0.847585
0.713692
0.623076
0.62367
0.604023
0.595765
0.543185
0.452596
0.409767
0.374843
0.356425
0.338665
0.270235
0.209971
0.161913
0.123343
0.115151
0.0755126
0.015331
-0.0381531
-0.0974997
-0.118246
-0.134491
-0.182256
-0.230472
-0.301288
-0.351491
-0.35972
-0.389745
-0.422544
-0.485642
-0.574454
-0.598462
-0.613137
-0.62287
-0.642332
-0.776968
-0.865815
-0.874518
-0.82389
-0.295011
0.518932
0.868713
0.869596
0.854289
0.729198
0.625757
0.624052
0.605983
0.596892
0.551999
0.459837
0.412783
0.378404
0.356888
0.342859
0.277876
0.21471
0.167028
0.12539
0.116354
0.0814907
0.0207021
-0.0322162
-0.0926699
-0.117815
-0.131024
-0.177336
-0.225002
-0.293661
-0.349297
-0.358474
-0.386
-0.419136
-0.476591
-0.567887
-0.59811
-0.610675
-0.623561
-0.635365
-0.761479
-0.86333
-0.872516
-0.843431
-0.37349
0.450318
0.858536
0.870793
0.859451
0.745027
0.629729
0.624002
0.608196
0.597623
0.560181
0.46774
0.415834
0.382099
0.357529
0.346362
0.285617
0.21963
0.172118
0.127906
0.117204
0.0871706
0.0262493
-0.0264698
-0.0873848
-0.117231
-0.128013
-0.172316
-0.219827
-0.285921
-0.346487
-0.35756
-0.382245
-0.415956
-0.468062
-0.560486
-0.597645
-0.608286
-0.623991
-0.629909
-0.745649
-0.859625
-0.87085
-0.858058
-0.447528
0.376474
0.844102
0.872443
0.863212
0.760864
0.635122
0.623582
0.61058
0.598095
0.567612
0.476246
0.419009
0.385853
0.358433
0.3492
0.29336
0.224794
0.177141
0.130898
0.117796
0.0924701
0.0319875
-0.0209159
-0.0817191
-0.116394
-0.125479
-0.167228
-0.214899
-0.278177
-0.343008
-0.356909
-0.378546
-0.412901
-0.460133
-0.552331
-0.596928
-0.606066
-0.624059
-0.625889
-0.729814
-0.854521
-0.869634
-0.868391
-0.516342
0.298166
0.82474
0.874435
0.865736
0.776372
0.642029
0.622901
0.613041
0.598449
0.574216
0.485281
0.422405
0.3896
0.359664
0.351416
0.300993
0.230251
0.182065
0.134346
0.118231
0.0973202
0.0379177
-0.0155381
-0.0757511
-0.115205
-0.123413
-0.162113
-0.210153
-0.27053
-0.338843
-0.356442
-0.374979
-0.409885
-0.452867
-0.543542
-0.595818
-0.604094
-0.623694
-0.623159
-0.714286
-0.847875
-0.868878
-0.875058
-0.579405
0.21619
0.799914
0.876567
0.867256
0.791249
0.650505
0.622101
0.615474
0.598817
0.579935
0.494729
0.426121
0.393278
0.361265
0.353072
0.308405
0.236043
0.186879
0.13822
0.118618
0.101667
0.0440239
-0.0103055
-0.0695634
-0.113587
-0.121795
-0.15703
-0.205529
-0.263072
-0.333999
-0.356059
-0.371614
-0.406833
-0.446282
-0.534243
-0.594174
-0.602423
-0.622865
-0.621541
-0.699383
-0.839644
-0.868517
-0.878776
-0.636269
0.131544
0.76918
0.878522
0.86803
0.805197
0.660516
0.621352
0.617765
0.599312
0.584749
0.504463
0.43026
0.396845
0.363259
0.35426
0.315487
0.242195
0.191585
0.14247
0.119065
0.105466
0.0502711
-0.00517853
-0.063245
-0.111477
-0.12058
-0.152044
-0.200962
-0.255872
-0.328498
-0.355651
-0.368519
-0.403688
-0.440373
-0.524592
-0.59188
-0.601083
-0.621585
-0.620847
-0.685377
-0.82982
-0.868399
-0.880194
-0.686628
0.0452494
0.732126
0.879901
0.868317
0.817972
0.671997
0.62086
0.619813
0.60003
0.588681
0.514336
0.434908
0.400273
0.365644
0.355076
0.322132
0.24871
0.196204
0.147032
0.119673
0.108703
0.0566116
-0.000105361
-0.0568762
-0.108825
-0.119702
-0.147228
-0.196394
-0.24899
-0.322399
-0.355105
-0.365752
-0.400412
-0.435114
-0.514748
-0.588823
-0.600065
-0.619891
-0.620847
-0.672504
-0.818474
-0.868324
-0.879939
-0.730458
-0.0416322
0.688591
0.880216
0.868397
0.829379
0.684818
0.620833
0.621521
0.601034
0.591767
0.524185
0.440141
0.403554
0.368397
0.355631
0.328257
0.25558
0.200773
0.15184
0.120537
0.111378
0.06298
0.00496635
-0.0505339
-0.105613
-0.119086
-0.142654
-0.191779
-0.242459
-0.315773
-0.354301
-0.36335
-0.39699
-0.430441
-0.504873
-0.58493
-0.599337
-0.617856
-0.621325
-0.660968
-0.805757
-0.868048
-0.878596
-0.767757
-0.127972
0.638497
0.878873
0.868508
0.839263
0.698778
0.621497
0.622821
0.602361
0.594093
0.533849
0.446023
0.406705
0.37148
0.356043
0.333781
0.262766
0.205338
0.15682
0.121737
0.113509
0.0693025
0.0100906
-0.0442814
-0.101835
-0.118634
-0.138389
-0.187076
-0.236291
-0.308707
-0.353132
-0.361341
-0.393429
-0.426285
-0.49513
-0.580154
-0.598834
-0.615573
-0.622067
-0.650888
-0.791848
-0.867301
-0.876651
-0.798753
-0.212718
0.581891
0.875272
0.868857
0.847566
0.713654
0.623071
0.623669
0.604019
0.595761
0.543162
0.452578
0.409759
0.374834
0.356424
0.338654
0.270216
0.209959
0.1619
0.123338
0.115148
0.0754972
0.0153176
-0.0381683
-0.0975113
-0.118247
-0.1345
-0.182268
-0.230486
-0.301307
-0.351496
-0.359723
-0.389754
-0.422553
-0.485666
-0.57447
-0.598463
-0.613143
-0.622868
-0.642352
-0.777007
-0.86582
-0.874523
-0.823833
-0.294807
0.519099
0.868733
0.869594
0.854274
0.729158
0.625748
0.624052
0.605978
0.59689
0.551978
0.459818
0.412775
0.378395
0.356887
0.342849
0.277857
0.214698
0.167015
0.125384
0.116351
0.0814759
0.0206883
-0.032231
-0.0926826
-0.117816
-0.131032
-0.177348
-0.225015
-0.29368
-0.349304
-0.358477
-0.38601
-0.419144
-0.476613
-0.567905
-0.598111
-0.610681
-0.623559
-0.63538
-0.761519
-0.863338
-0.87252
-0.843388
-0.373297
0.450497
0.858567
0.870789
0.85944
0.744987
0.629717
0.624003
0.60819
0.597621
0.560162
0.467719
0.415826
0.38209
0.357527
0.346354
0.285598
0.219618
0.172106
0.127899
0.117202
0.0871568
0.0262351
-0.026484
-0.0873986
-0.117233
-0.12802
-0.172329
-0.21984
-0.285941
-0.346495
-0.357562
-0.382254
-0.415963
-0.468082
-0.560505
-0.597646
-0.608291
-0.62399
-0.62992
-0.74569
-0.859636
-0.870854
-0.858027
-0.447348
0.376666
0.844145
0.872439
0.863205
0.760824
0.635107
0.623584
0.610574
0.598094
0.567594
0.476224
0.419001
0.385844
0.35843
0.349193
0.293341
0.224781
0.177129
0.13089
0.117795
0.0924572
0.0319728
-0.0209297
-0.0817338
-0.116396
-0.125485
-0.167241
-0.214911
-0.278197
-0.343018
-0.356911
-0.378555
-0.412908
-0.460152
-0.552353
-0.59693
-0.606071
-0.624059
-0.625897
-0.729854
-0.854535
-0.869637
-0.868369
-0.516175
0.29837
0.824795
0.874429
0.865731
0.776334
0.64201
0.622903
0.613035
0.598448
0.5742
0.485257
0.422396
0.38959
0.359661
0.351411
0.300974
0.230237
0.182053
0.134337
0.11823
0.0973086
0.0379025
-0.0155515
-0.0757664
-0.115208
-0.123417
-0.162126
-0.210165
-0.270549
-0.338855
-0.356443
-0.374988
-0.409892
-0.452885
-0.543565
-0.595821
-0.604099
-0.623695
-0.623164
-0.714325
-0.847894
-0.868879
-0.875045
-0.579254
0.216401
0.799985
0.876562
0.867253
0.791212
0.650481
0.622103
0.615468
0.598816
0.579922
0.494705
0.426111
0.393269
0.36126
0.353069
0.308386
0.236028
0.186867
0.13821
0.118617
0.101657
0.0440083
-0.0103186
-0.0695792
-0.113592
-0.121799
-0.157043
-0.205541
-0.26309
-0.334012
-0.35606
-0.371622
-0.406841
-0.446297
-0.534267
-0.594179
-0.602427
-0.622867
-0.621544
-0.69942
-0.839667
-0.868518
-0.878771
-0.636132
0.13176
0.769266
0.878518
0.868029
0.805163
0.660488
0.621354
0.61776
0.59931
0.584738
0.504439
0.430249
0.396836
0.363254
0.354258
0.315469
0.242179
0.191573
0.142459
0.119063
0.105457
0.0502552
-0.00519138
-0.063261
-0.111483
-0.120582
-0.152057
-0.200974
-0.25589
-0.328513
-0.355652
-0.368527
-0.403696
-0.440387
-0.524617
-0.591887
-0.601086
-0.621589
-0.620848
-0.685411
-0.829846
-0.868399
-0.880193
-0.686509
0.0454678
0.732227
0.879899
0.868317
0.817941
0.671966
0.620861
0.619808
0.600028
0.588672
0.514311
0.434895
0.400265
0.365638
0.355074
0.322116
0.248693
0.196192
0.14702
0.119671
0.108696
0.0565955
-0.000118133
-0.0568923
-0.108832
-0.119704
-0.14724
-0.196406
-0.249007
-0.322415
-0.355107
-0.365758
-0.400421
-0.435127
-0.514773
-0.588832
-0.600067
-0.619895
-0.620847
