0.20969
0.824851
0.911672
0.82694
0.861958
0.872766
0.799028
0.790572
0.837679
0.83048
0.810981
0.827775
0.817721
0.782082
0.787621
0.807207
0.794521
0.787691
0.797345
0.781882
0.760527
0.769452
0.776663
0.764205
0.763432
0.767315
0.750244
0.737891
0.746507
0.746531
0.736241
0.738271
0.737313
0.720749
0.714486
0.7213
0.716903
0.70942
0.712386
0.707351
0.692538
0.690621
0.694658
0.687848
0.683355
0.685701
0.677542
0.66546
0.666065
0.667081
0.65956
0.657538
0.658252
0.648169
0.639059
0.640831
0.639029
0.631911
0.631721
0.630242
0.619271
0.613198
0.614865
0.610744
0.60495
0.605641
0.601734
0.591064
0.587513
0.588186
0.582588
0.578441
0.579111
0.573076
0.563447
0.561804
0.560964
0.554678
0.552247
0.55211
0.544369
0.536451
0.535863
0.533288
0.527196
0.526148
0.52457
0.515909
0.509879
0.509529
0.505435
0.500135
0.499919
0.496662
0.487778
0.483591
0.482786
0.477534
0.473465
0.473455
0.468444
0.460091
0.457401
0.455597
0.449805
0.447085
0.446578
0.440154
0.432853
0.431096
0.428098
0.422355
0.420815
0.419334
0.411916
0.405982
0.404593
0.400375
0.395231
0.394542
0.391685
0.383898
0.379406
0.377745
0.372607
0.36847
0.368059
0.363781
0.356203
0.35293
0.35059
0.344939
0.341944
0.341319
0.335715
0.328843
0.326455
0.323128
0.317474
0.315607
0.314207
0.307649
0.301843
0.299804
0.295476
0.290317
0.28926
0.286777
0.279727
0.27507
0.272922
0.267758
0.263441
0.262815
0.259057
0.252027
0.248466
0.24575
0.240085
0.236855
0.236133
0.231162
0.224644
0.221853
0.218313
0.21261
0.21042
0.209152
0.203232
0.197532
0.195139
0.19069
0.185365
0.184059
0.181867
0.175362
0.170684
0.168222
0.162961
0.158434
0.157622
0.154291
0.147705
0.143972
0.141038
0.135286
0.131748
0.130998
0.126543
0.120277
0.117302
0.113621
0.107732
0.105269
0.104127
0.0986898
0.0931388
0.09055
0.0859787
0.0804382
0.07888
0.0769402
0.0708997
0.0662251
0.0636079
0.0582505
0.0534017
0.0524537
0.0495064
0.0432415
0.0394735
0.0364411
0.0305091
0.0266523
0.0258987
0.0218365
0.0158208
0.0127807
0.00900283
0.00290038
0.000120401
-0.00090904
-0.00591655
-0.011349
-0.0139897
-0.0186301
-0.0244949
-0.0262965
-0.0279725
-0.0336786
-0.0382839
-0.0409056
-0.0464114
-0.0516195
-0.0526854
-0.0553344
-0.0613113
-0.065037
-0.068079
-0.0742084
-0.0784465
-0.0792094
-0.0829002
-0.0887346
-0.0917355
-0.0954957
-0.10191
-0.105046
-0.105915
-0.110614
-0.11592
-0.118457
-0.123162
-0.129419
-0.131461
-0.132915
-0.138338
-0.142838
-0.14536
-0.15099
-0.156635
-0.157851
-0.160177
-0.16596
-0.169588
-0.172478
-0.178871
-0.183577
-0.184296
-0.187695
-0.193396
-0.19622
-0.199897
-0.206698
-0.210208
-0.210945
-0.215369
-0.220557
-0.222895
-0.22758
-0.234321
-0.236666
-0.237846
-0.24308
-0.247473
-0.249708
-0.255469
-0.261692
-0.263008
-0.265049
-0.270725
-0.274149
-0.276772
-0.283478
-0.288709
-0.289404
-0.292525
-0.298153
-0.300707
-0.304156
-0.311431
-0.315435
-0.315963
-0.320181
-0.325328
-0.327257
-0.331846
-0.339254
-0.341886
-0.342776
-0.347933
-0.352179
-0.35394
-0.359833
-0.366758
-0.368203
-0.369932
-0.375597
-0.378768
-0.380901
-0.387961
-0.393942
-0.394518
-0.397368
-0.403084
-0.405172
-0.408193
-0.416148
-0.42073
-0.420966
-0.425081
-0.430237
-0.431517
-0.435915
-0.444175
-0.447205
-0.44771
-0.452885
-0.457034
-0.457995
-0.463964
-0.471946
-0.473465
-0.474781
-0.480673
-0.483466
-0.48472
-0.492325
-0.49931
-0.499647
-0.502267
-0.508234
-0.509596
-0.511899
-0.520783
-0.526228
-0.525972
-0.530049
-0.535422
-0.535614
-0.539543
-0.54919
-0.552725
-0.552554
-0.558058
-0.562141
-0.561634
-0.567745
-0.577354
-0.578864
-0.579605
-0.586074
-0.588291
-0.587975
-0.596383
-0.605048
-0.604873
-0.607135
-0.613865
-0.613977
-0.614742
-0.625354
-0.632241
-0.630891
-0.635198
-0.641222
-0.63922
-0.64223
-0.654466
-0.658758
-0.657273
-0.663675
-0.667811
-0.664317
-0.670497
-0.683422
-0.68478
-0.684184
-0.692353
-0.693521
-0.68941
-0.699665
-0.712074
-0.710302
-0.711964
-0.721005
-0.717979
-0.714902
-0.729812
-0.740028
-0.73569
-0.74085
-0.749086
-0.741031
-0.741072
-0.760934
-0.767256
-0.761216
-0.771145
-0.776112
-0.761912
-0.768411
-0.79364
-0.793287
-0.787484
-0.803872
-0.800391
-0.778612
-0.798184
-0.829471
-0.817673
-0.816089
-0.841955
-0.815951
-0.781007
-0.837714
-0.882241
-0.83272
-0.860782
-0.922793
-0.577233
0.212554
0.826181
0.911344
0.82683
0.862185
0.872574
0.798817
0.790715
0.837768
0.830379
0.810989
0.827824
0.817602
0.782006
0.787717
0.807228
0.794452
0.787713
0.797357
0.781781
0.760504
0.769514
0.776638
0.764169
0.76346
0.767288
0.750171
0.737894
0.746538
0.746498
0.736221
0.73829
0.737279
0.720691
0.714499
0.721316
0.716865
0.709415
0.712398
0.7073
0.692502
0.690641
0.694651
0.687818
0.68336
0.685698
0.677492
0.665438
0.666079
0.667067
0.659535
0.657544
0.658239
0.648121
0.63905
0.640841
0.639003
0.631897
0.631729
0.630215
0.619228
0.613198
0.614866
0.610718
0.604944
0.605643
0.601702
0.591034
0.587516
0.588179
0.582563
0.57844
0.579108
0.573038
0.563422
0.561809
0.56095
0.554656
0.552251
0.552099
0.544332
0.536439
0.535864
0.533268
0.527182
0.52615
0.524551
0.515876
0.509872
0.509525
0.505413
0.500124
0.49992
0.496637
0.487749
0.48359
0.482777
0.477511
0.473462
0.473449
0.468413
0.460071
0.457398
0.455582
0.449785
0.447084
0.446568
0.440124
0.432836
0.431093
0.428079
0.422339
0.420817
0.419318
0.411885
0.405973
0.404585
0.400353
0.395222
0.394543
0.391663
0.383872
0.3794
0.377733
0.372587
0.368464
0.368055
0.363755
0.356181
0.352925
0.350574
0.34492
0.341943
0.341312
0.335687
0.328827
0.32645
0.323109
0.317459
0.315607
0.314192
0.307622
0.301832
0.299795
0.295455
0.290306
0.289259
0.286758
0.279702
0.275061
0.272912
0.267736
0.263434
0.262813
0.259033
0.252007
0.248459
0.245734
0.240066
0.236852
0.236124
0.231137
0.224627
0.221845
0.218295
0.212594
0.210418
0.209141
0.203207
0.197519
0.195131
0.190668
0.185354
0.184058
0.181849
0.175339
0.170675
0.16821
0.162939
0.158427
0.157618
0.154271
0.147684
0.143964
0.141022
0.135266
0.131743
0.130992
0.126519
0.12026
0.117294
0.1136
0.107714
0.105268
0.104116
0.0986656
0.0931265
0.0905399
0.085957
0.0804257
0.078878
0.0769252
0.0708772
0.066215
0.0635953
0.058228
0.0533921
0.0524513
0.0494879
0.0432206
0.0394658
0.0364249
0.0304872
0.026648
0.0258927
0.0218146
0.015805
0.0127719
0.00898298
0.00288275
0.000117676
-0.000918537
-0.00593863
-0.0113626
-0.0139995
-0.0186518
-0.0245104
-0.0262974
-0.0279863
-0.033701
-0.0382931
-0.0409189
-0.046435
-0.0516284
-0.0526884
-0.0553524
-0.0613307
-0.0650451
-0.0680958
-0.0742304
-0.0784531
-0.0792142
-0.0829203
-0.0887514
-0.0917434
-0.0955157
-0.10193
-0.105048
-0.105924
-0.110636
-0.115932
-0.118465
-0.123185
-0.129436
-0.131462
-0.132928
-0.138359
-0.142848
-0.145373
-0.151013
-0.156647
-0.157852
-0.160194
-0.165979
-0.169595
-0.172494
-0.178895
-0.183584
-0.184299
-0.187716
-0.193412
-0.196227
-0.199918
-0.20672
-0.210211
-0.210953
-0.21539
-0.220569
-0.222904
-0.227604
-0.234339
-0.236668
-0.237856
-0.243101
-0.247482
-0.249719
-0.255495
-0.261705
-0.263009
-0.265065
-0.270744
-0.274155
-0.276789
-0.283503
-0.288717
-0.289407
-0.292544
-0.298168
-0.300714
-0.304177
-0.311455
-0.31544
-0.315968
-0.320203
-0.325339
-0.327264
-0.331873
-0.339274
-0.341887
-0.342788
-0.347955
-0.352186
-0.353951
-0.359861
-0.366773
-0.368204
-0.369947
-0.375616
-0.378773
-0.380916
-0.38799
-0.393952
-0.394519
-0.397389
-0.4031
-0.405175
-0.408213
-0.416177
-0.420733
-0.420971
-0.425103
-0.430246
-0.431523
-0.435942
-0.444198
-0.447206
-0.447719
-0.452907
-0.457039
-0.458003
-0.463994
-0.471966
-0.473463
-0.474796
-0.480693
-0.483467
-0.484735
-0.492359
-0.49932
-0.499647
-0.502287
-0.508247
-0.509596
-0.511921
-0.520815
-0.526233
-0.525975
-0.530071
-0.535432
-0.535614
-0.539571
-0.54922
-0.552722
-0.552563
-0.558083
-0.56214
-0.56164
-0.567782
-0.577373
-0.578858
-0.579621
-0.586095
-0.588286
-0.587988
-0.596422
-0.605063
-0.604868
-0.607157
-0.613881
-0.613967
-0.614765
-0.625396
-0.632241
-0.630888
-0.635227
-0.641229
-0.639209
-0.642266
-0.654503
-0.658753
-0.657281
-0.663703
-0.667806
-0.664314
-0.670543
-0.683453
-0.684767
-0.684202
-0.69238
-0.693506
-0.689412
-0.699723
-0.712092
-0.710286
-0.711995
-0.721022
-0.717948
-0.714929
-0.729873
-0.740029
-0.735682
-0.740889
-0.749086
-0.740997
-0.741114
-0.761
-0.76724
-0.761213
-0.771197
-0.776084
-0.76187
-0.768499
-0.793695
-0.793242
-0.787517
-0.803918
-0.80031
-0.778599
-0.798323
-0.829504
-0.817606
-0.816163
-0.841987
-0.815773
-0.781019
-0.838012
-0.882191
-0.832547
-0.86116
-0.922479
-0.574999
0.215419
0.827511
0.911017
0.82672
0.862411
0.872383
0.798605
0.790858
0.837858
0.830279
0.810997
0.827872
0.817482
0.781929
0.787813
0.807236
0.794383
0.787735
0.79737
0.78168
0.76048
0.769575
0.776612
0.764132
0.763489
0.767261
0.750098
0.737896
0.74657
0.746465
0.736202
0.738308
0.737244
0.720634
0.714511
0.721332
0.716827
0.70941
0.71241
0.70725
0.692465
0.69066
0.694644
0.687788
0.683365
0.685693
0.677443
0.665417
0.666093
0.667052
0.659511
0.657551
0.658226
0.648074
0.639041
0.640852
0.638978
0.631882
0.631738
0.630186
0.619186
0.613199
0.614866
0.610691
0.604937
0.605645
0.60167
0.591004
0.587519
0.588172
0.582538
0.578439
0.579105
0.573
0.5634
0.561813
0.560935
0.554633
0.552254
0.552087
0.544295
0.536427
0.535864
0.533248
0.527168
0.526152
0.524531
0.515843
0.509865
0.509521
0.505391
0.500114
0.499921
0.496612
0.48772
0.483588
0.482767
0.477488
0.47346
0.473444
0.468383
0.460051
0.457396
0.455566
0.449766
0.447084
0.446557
0.440093
0.43282
0.43109
0.42806
0.422324
0.420818
0.419301
0.411855
0.405965
0.404578
0.400331
0.395213
0.394544
0.39164
0.383846
0.379393
0.377722
0.372566
0.368459
0.36805
0.36373
0.356159
0.352921
0.350559
0.3449
0.341942
0.341304
0.335659
0.32881
0.326445
0.323089
0.317443
0.315607
0.314176
0.307596
0.30182
0.299787
0.295434
0.290295
0.289258
0.286739
0.279677
0.275052
0.272901
0.267715
0.263427
0.26281
0.259009
0.251986
0.248453
0.245717
0.240047
0.236849
0.236116
0.231112
0.224611
0.221838
0.218276
0.212577
0.210417
0.209129
0.203181
0.197507
0.195122
0.190647
0.185342
0.184057
0.18183
0.175316
0.170666
0.168196
0.162917
0.158419
0.157615
0.15425
0.147664
0.143955
0.141006
0.135246
0.131739
0.130986
0.126495
0.120244
0.117286
0.11358
0.107696
0.105267
0.104106
0.0986415
0.0931141
0.0905297
0.0859353
0.0804132
0.078876
0.0769102
0.0708547
0.066205
0.0635827
0.0582056
0.0533836
0.052449
0.0494695
0.0431998
0.039458
0.0364088
0.0304654
0.0266437
0.0258867
0.0217927
0.0157892
0.0127631
0.00896312
0.00286512
0.000114951
-0.000928034
-0.00596094
-0.0113762
-0.0140094
-0.0186735
-0.0245259
-0.0262983
-0.0280001
-0.0337234
-0.0383023
-0.0409322
-0.0464586
-0.0516373
-0.0526913
-0.0553704
-0.0613495
-0.0650532
-0.0681126
-0.0742524
-0.0784597
-0.079219
-0.0829404
-0.0887682
-0.0917513
-0.0955358
-0.101951
-0.10505
-0.105933
-0.110658
-0.115943
-0.118474
-0.123209
-0.129452
-0.131463
-0.132942
-0.13838
-0.142858
-0.145386
-0.151037
-0.156659
-0.157854
-0.16021
-0.165999
-0.169602
-0.172511
-0.17892
-0.183592
-0.184301
-0.187736
-0.193428
-0.196234
-0.199939
-0.206741
-0.210215
-0.210961
-0.215411
-0.220581
-0.222913
-0.227628
-0.234357
-0.236669
-0.237867
-0.243122
-0.247492
-0.24973
-0.255522
-0.261718
-0.263009
-0.265082
-0.270762
-0.274161
-0.276807
-0.283529
-0.288725
-0.28941
-0.292563
-0.298184
-0.30072
-0.304197
-0.31148
-0.315444
-0.315973
-0.320225
-0.32535
-0.327271
-0.331899
-0.339293
-0.341887
-0.3428
-0.347976
-0.352193
-0.353962
-0.359889
-0.366787
-0.368204
-0.369961
-0.375634
-0.378778
-0.380931
-0.38802
-0.393961
-0.39452
-0.397409
-0.403115
-0.405178
-0.408234
-0.416205
-0.420737
-0.420976
-0.425125
-0.430256
-0.431528
-0.435969
-0.444221
-0.447206
-0.447728
-0.452929
-0.457045
-0.458011
-0.464025
-0.471985
-0.47346
-0.47481
-0.480714
-0.483467
-0.48475
-0.492393
-0.499329
-0.499647
-0.502307
-0.508261
-0.509597
-0.511943
-0.520847
-0.526238
-0.525977
-0.530094
-0.535442
-0.535614
-0.5396
-0.54925
-0.552719
-0.552571
-0.558108
-0.56214
-0.561646
-0.567819
-0.577393
-0.578853
-0.579637
-0.586116
-0.588282
-0.588001
-0.596461
-0.605077
-0.604863
-0.607178
-0.613898
-0.613958
-0.614788
-0.625439
-0.632241
-0.630889
-0.635256
-0.641236
-0.639197
-0.642302
-0.65454
-0.658747
-0.657289
-0.663731
-0.667801
-0.66431
-0.670588
-0.683484
-0.684753
-0.68422
-0.692408
-0.693491
-0.689413
-0.699781
-0.712111
-0.71027
-0.712027
-0.721038
-0.717918
-0.714955
-0.729934
-0.740029
-0.735674
-0.740929
-0.749086
-0.740961
-0.741156
-0.761065
-0.767224
-0.761211
-0.771249
-0.776057
-0.761827
-0.768588
-0.793749
-0.793196
-0.787551
-0.803964
-0.80023
-0.778586
-0.798463
-0.829537
-0.817539
-0.816237
-0.842019
-0.815595
-0.781031
-0.83831
-0.882141
-0.832374
-0.861538
-0.922164
-0.572765
0.218283
0.828641
0.910689
0.826609
0.862638
0.872191
0.798394
0.791001
0.837947
0.830178
0.811005
0.827921
0.817363
0.781852
0.78791
0.807242
0.794314
0.787757
0.797383
0.781578
0.760456
0.769636
0.776587
0.764095
0.763517
0.767234
0.750025
0.737899
0.746602
0.746432
0.736182
0.738328
0.737209
0.720576
0.714523
0.721348
0.716789
0.709405
0.712422
0.7072
0.692429
0.69068
0.694636
0.687758
0.683371
0.685687
0.677394
0.665396
0.666108
0.667038
0.659486
0.657558
0.658213
0.648027
0.639032
0.640863
0.638952
0.631868
0.631746
0.630158
0.619147
0.613199
0.614867
0.610665
0.604931
0.605647
0.601638
0.590973
0.587521
0.588165
0.582513
0.578438
0.579101
0.572962
0.56338
0.561818
0.560921
0.554611
0.552258
0.552075
0.544258
0.536415
0.535864
0.533227
0.527154
0.526154
0.524512
0.51581
0.509859
0.509518
0.505369
0.500104
0.499922
0.496587
0.48769
0.483586
0.482757
0.477465
0.473458
0.473439
0.468353
0.460031
0.457394
0.455551
0.449748
0.447083
0.446547
0.440063
0.432804
0.431088
0.428042
0.422308
0.420819
0.419284
0.411825
0.405957
0.404571
0.400309
0.395205
0.394543
0.391618
0.38382
0.379387
0.377711
0.372545
0.368453
0.368046
0.363705
0.356137
0.352917
0.350543
0.34488
0.341942
0.341294
0.335631
0.328794
0.32644
0.32307
0.317428
0.315606
0.314161
0.30757
0.301809
0.299778
0.295414
0.290284
0.289257
0.286719
0.279652
0.275043
0.27289
0.267693
0.26342
0.262807
0.258985
0.251966
0.248447
0.245701
0.240028
0.236846
0.236107
0.231088
0.224594
0.221831
0.218258
0.212561
0.210415
0.209118
0.203155
0.197494
0.195114
0.190625
0.18533
0.184056
0.181812
0.175293
0.170657
0.168183
0.162895
0.158412
0.157611
0.15423
0.147644
0.143947
0.140991
0.135226
0.131735
0.13098
0.126471
0.120228
0.117279
0.113559
0.10768
0.105265
0.104095
0.0986173
0.0931018
0.0905196
0.0859136
0.0804007
0.078874
0.0768952
0.0708322
0.066195
0.0635701
0.0581832
0.0533752
0.0524466
0.0494506
0.0431789
0.0394502
0.0363926
0.0304435
0.0266394
0.0258807
0.0217708
0.0157735
0.0127542
0.00894327
0.00284748
0.000112225
-0.000937532
-0.00598402
-0.0113898
-0.0140192
-0.0186951
-0.0245414
-0.0262993
-0.0280138
-0.0337458
-0.0383114
-0.0409455
-0.0464822
-0.0516462
-0.0526943
-0.0553885
-0.0613684
-0.0650613
-0.0681295
-0.0742745
-0.0784662
-0.0792237
-0.0829605
-0.0887851
-0.0917591
-0.0955559
-0.101971
-0.105052
-0.105942
-0.11068
-0.115955
-0.118485
-0.123232
-0.129468
-0.131464
-0.132955
-0.138401
-0.142867
-0.145399
-0.151061
-0.156671
-0.157855
-0.160227
-0.166018
-0.169609
-0.172529
-0.178944
-0.1836
-0.184304
-0.187756
-0.193443
-0.196241
-0.199961
-0.206762
-0.210218
-0.210969
-0.215431
-0.220593
-0.222923
-0.227652
-0.234375
-0.23667
-0.237877
-0.243144
-0.247501
-0.249741
-0.255549
-0.261731
-0.263009
-0.265099
-0.27078
-0.274167
-0.276825
-0.283554
-0.288733
-0.289413
-0.292582
-0.298199
-0.300727
-0.304217
-0.311504
-0.315448
-0.315978
-0.320247
-0.325362
-0.327278
-0.331926
-0.339313
-0.341887
-0.342812
-0.347997
-0.3522
-0.353972
-0.359918
-0.366802
-0.368205
-0.369976
-0.375653
-0.378783
-0.380947
-0.388049
-0.39397
-0.39452
-0.39743
-0.403129
-0.405181
-0.408255
-0.416234
-0.42074
-0.420981
-0.425147
-0.430265
-0.431534
-0.435996
-0.444243
-0.447207
-0.447737
-0.452951
-0.45705
-0.45802
-0.464057
-0.472005
-0.473458
-0.474825
-0.480735
-0.483467
-0.484764
-0.492427
-0.499338
-0.499647
-0.502328
-0.508275
-0.509597
-0.511965
-0.520879
-0.526243
-0.52598
-0.530116
-0.535452
-0.535614
-0.539629
-0.54928
-0.552716
-0.55258
-0.558133
-0.56214
-0.561652
-0.567856
-0.577412
-0.578849
-0.579653
-0.586137
-0.588277
-0.588013
-0.5965
-0.605092
-0.604859
-0.6072
-0.613914
-0.613948
-0.61481
-0.625481
-0.632242
-0.63089
-0.635284
-0.641243
-0.639186
-0.642337
-0.654577
-0.658742
-0.657297
-0.663759
-0.667796
-0.664307
-0.670633
-0.683515
-0.68474
-0.684238
-0.692435
-0.69347
-0.689414
-0.69984
-0.712129
-0.710254
-0.712058
-0.721054
-0.717888
-0.714982
-0.729994
-0.74003
-0.735666
-0.740968
-0.749085
-0.740926
-0.741199
-0.761131
-0.767208
-0.761208
-0.771301
-0.776029
-0.761784
-0.768677
-0.793804
-0.793151
-0.787584
-0.80401
-0.800149
-0.778573
-0.798598
-0.82957
-0.817472
-0.816311
-0.842051
-0.815417
-0.781042
-0.838607
-0.882091
-0.832202
-0.861916
-0.921849
-0.570531
0.221147
0.829753
0.910362
0.826499
0.862864
0.871999
0.798183
0.791144
0.838036
0.830077
0.811013
0.82797
0.817243
0.781775
0.788006
0.807248
0.794246
0.78779
0.797396
0.781477
0.760432
0.769697
0.776561
0.764058
0.763546
0.767207
0.749952
0.737901
0.746633
0.746399
0.736163
0.738349
0.737175
0.720519
0.714536
0.721363
0.716752
0.7094
0.712434
0.707149
0.692393
0.690699
0.694629
0.687727
0.683376
0.685681
0.677345
0.665374
0.666122
0.667023
0.659462
0.657565
0.6582
0.647979
0.639022
0.640873
0.638927
0.631853
0.631755
0.630129
0.619109
0.613199
0.614868
0.610638
0.604924
0.605649
0.601606
0.590943
0.587524
0.588158
0.582487
0.578436
0.579098
0.572924
0.563359
0.561823
0.560905
0.554589
0.552261
0.552063
0.544221
0.536403
0.535864
0.533207
0.52714
0.526156
0.524492
0.515777
0.509852
0.509515
0.505345
0.500093
0.499923
0.496562
0.487661
0.483585
0.482747
0.477442
0.473455
0.473434
0.468323
0.460011
0.457391
0.455536
0.449729
0.447083
0.446537
0.440033
0.432787
0.431085
0.428023
0.422292
0.420821
0.419268
0.411794
0.405949
0.404563
0.400287
0.395197
0.394542
0.391595
0.383795
0.37938
0.377699
0.372524
0.368447
0.368042
0.363679
0.356116
0.352913
0.350527
0.344861
0.341941
0.341284
0.335603
0.328778
0.326435
0.32305
0.317413
0.315606
0.314146
0.307543
0.301797
0.29977
0.295393
0.290273
0.289256
0.2867
0.279628
0.275036
0.272879
0.267672
0.263413
0.262805
0.258961
0.251945
0.24844
0.245684
0.24001
0.236843
0.236098
0.231063
0.224578
0.221824
0.218239
0.212545
0.210413
0.209107
0.20313
0.197482
0.195105
0.190603
0.185319
0.184056
0.181794
0.17527
0.170648
0.168169
0.162875
0.158405
0.157608
0.15421
0.147624
0.143939
0.140975
0.135206
0.13173
0.130974
0.126447
0.120212
0.117271
0.113539
0.107663
0.105264
0.104084
0.0985931
0.0930895
0.0905095
0.0858919
0.0803882
0.078872
0.0768802
0.0708097
0.0661849
0.0635576
0.0581607
0.0533667
0.0524443
0.04943
0.043158
0.0394424
0.0363764
0.0304217
0.0266351
0.0258747
0.0217489
0.0157577
0.0127454
0.00892342
0.00282985
0.0001095
-0.000947029
-0.00600709
-0.0114032
-0.014029
-0.0187168
-0.0245569
-0.0263002
-0.0280276
-0.0337682
-0.0383206
-0.0409588
-0.0465059
-0.051655
-0.0526973
-0.0554065
-0.0613872
-0.0650699
-0.0681463
-0.0742965
-0.0784728
-0.0792285
-0.0829806
-0.0888019
-0.091767
-0.0955759
-0.101992
-0.105054
-0.105951
-0.110703
-0.115966
-0.118495
-0.123256
-0.129484
-0.131465
-0.132968
-0.138422
-0.142877
-0.145412
-0.151085
-0.156683
-0.157857
-0.160244
-0.166038
-0.169616
-0.172546
-0.178969
-0.183605
-0.184307
-0.187777
-0.193459
-0.196247
-0.199982
-0.206784
-0.210221
-0.210977
-0.215452
-0.220606
-0.222932
-0.227676
-0.234393
-0.23667
-0.237887
-0.243165
-0.24751
-0.249752
-0.255575
-0.261745
-0.26301
-0.265116
-0.270799
-0.274173
-0.276842
-0.283579
-0.28874
-0.289416
-0.292601
-0.298215
-0.300733
-0.304238
-0.311528
-0.315453
-0.315983
-0.320269
-0.325373
-0.327284
-0.331952
-0.339332
-0.341887
-0.342824
-0.348017
-0.352207
-0.353983
-0.359946
-0.366817
-0.368206
-0.369991
-0.375672
-0.378788
-0.380962
-0.388078
-0.393979
-0.394521
-0.397451
-0.403143
-0.405184
-0.408279
-0.416263
-0.420743
-0.420986
-0.425169
-0.430275
-0.431539
-0.436023
-0.444266
-0.447208
-0.447746
-0.452973
-0.457055
-0.458028
-0.46409
-0.472025
-0.473455
-0.474839
-0.480755
-0.483468
-0.484779
-0.492461
-0.499347
-0.499647
-0.502348
-0.508289
-0.509597
-0.511987
-0.520911
-0.526247
-0.525983
-0.530138
-0.535462
-0.535614
-0.539658
-0.54931
-0.552713
-0.552589
-0.558158
-0.56214
-0.561658
-0.567893
-0.577431
-0.578846
-0.579669
-0.586158
-0.588273
-0.588026
-0.596539
-0.605106
-0.604854
-0.607221
-0.613931
-0.613939
-0.614833
-0.625524
-0.632242
-0.630891
-0.635313
-0.641245
-0.639175
-0.642373
-0.654614
-0.658737
-0.657305
-0.663787
-0.667791
-0.664304
-0.670678
-0.683546
-0.684726
-0.684255
-0.692463
-0.693449
-0.689415
-0.699898
-0.712147
-0.710237
-0.71209
-0.72107
-0.717857
-0.715009
-0.730055
-0.740031
-0.735657
-0.741007
-0.749085
-0.74089
-0.741248
-0.761197
-0.767192
-0.761205
-0.771353
-0.776002
-0.761741
-0.768766
-0.793858
-0.793106
-0.787618
-0.804057
-0.800069
-0.77856
-0.798733
-0.829603
-0.817405
-0.816386
-0.842083
-0.815239
-0.781054
-0.838905
-0.882041
-0.832029
-0.862294
-0.921535
-0.568296
0.224012
0.830865
0.910035
0.826445
0.86309
0.871807
0.797971
0.791287
0.838126
0.829976
0.811021
0.828019
0.817124
0.781699
0.788102
0.807253
0.794177
0.787825
0.797408
0.781376
0.760409
0.769758
0.776536
0.764021
0.763574
0.76718
0.749879
0.737903
0.746665
0.746366
0.736143
0.73837
0.737136
0.720461
0.714548
0.721379
0.716714
0.709395
0.712446
0.707099
0.692357
0.690719
0.694622
0.687697
0.683381
0.685675
0.677297
0.665353
0.666136
0.667009
0.659437
0.657572
0.658187
0.647932
0.639013
0.640884
0.638901
0.631839
0.631763
0.6301
0.619071
0.6132
0.614868
0.610612
0.604918
0.60565
0.601575
0.590913
0.587527
0.588151
0.582462
0.578435
0.579095
0.572886
0.563339
0.561828
0.560888
0.554566
0.552265
0.552051
0.544184
0.536392
0.535864
0.533186
0.527126
0.526158
0.524473
0.515744
0.509846
0.509511
0.505321
0.500084
0.499924
0.496537
0.487631
0.483583
0.482737
0.477419
0.473453
0.473429
0.468293
0.459991
0.457389
0.45552
0.449711
0.447082
0.446526
0.440003
0.432771
0.431082
0.428004
0.422276
0.420822
0.419251
0.411764
0.405941
0.404556
0.400265
0.395188
0.39454
0.391573
0.383769
0.379374
0.377688
0.372504
0.368441
0.368037
0.363654
0.356094
0.352909
0.350512
0.344841
0.34194
0.341274
0.335574
0.328764
0.32643
0.32303
0.317397
0.315606
0.314131
0.307517
0.301785
0.299761
0.295373
0.290262
0.289255
0.28668
0.279603
0.275029
0.272868
0.26765
0.263406
0.262802
0.258938
0.251924
0.248434
0.245668
0.239991
0.23684
0.23609
0.231038
0.224561
0.221816
0.21822
0.212529
0.210411
0.209095
0.203104
0.197469
0.195096
0.190581
0.185307
0.184055
0.181775
0.175248
0.170639
0.168156
0.162854
0.158397
0.157604
0.154189
0.147604
0.14393
0.140959
0.135186
0.131726
0.130968
0.126423
0.120196
0.117264
0.113519
0.107647
0.105262
0.104072
0.0985689
0.0930772
0.0904994
0.0858702
0.0803756
0.0788699
0.0768652
0.0707872
0.0661749
0.063545
0.0581383
0.0533583
0.052442
0.0494093
0.0431374
0.0394347
0.0363602
0.0303998
0.0266309
0.0258686
0.021727
0.0157419
0.0127366
0.00890356
0.00281222
0.000106775
-0.000956526
-0.00603017
-0.0114157
-0.0140389
-0.0187385
-0.0245724
-0.0263012
-0.0280414
-0.0337906
-0.0383297
-0.0409721
-0.0465295
-0.0516639
-0.0527002
-0.0554245
-0.061406
-0.0650784
-0.0681632
-0.0743185
-0.0784794
-0.0792332
-0.0830006
-0.0888187
-0.0917749
-0.095596
-0.102012
-0.105056
-0.10596
-0.110725
-0.115978
-0.118506
-0.123279
-0.129499
-0.131466
-0.132981
-0.138443
-0.142887
-0.145425
-0.151109
-0.156695
-0.157858
-0.16026
-0.166057
-0.169623
-0.172563
-0.178993
-0.18361
-0.184309
-0.187797
-0.193475
-0.196254
-0.200004
-0.206805
-0.210225
-0.210985
-0.215473
-0.220618
-0.222941
-0.2277
-0.234411
-0.23667
-0.2379
-0.243187
-0.247519
-0.249763
-0.255602
-0.261758
-0.26301
-0.265133
-0.270817
-0.274179
-0.27686
-0.283605
-0.288748
-0.28942
-0.29262
-0.29823
-0.300739
-0.304258
-0.311552
-0.315457
-0.315988
-0.320291
-0.325384
-0.327291
-0.331979
-0.339352
-0.341888
-0.342836
-0.348037
-0.352213
-0.353995
-0.359975
-0.366831
-0.368206
-0.370005
-0.375691
-0.378794
-0.380977
-0.388108
-0.393988
-0.394521
-0.397471
-0.403158
-0.405187
-0.408302
-0.416292
-0.420746
-0.42099
-0.425191
-0.430284
-0.431545
-0.436049
-0.444289
-0.447208
-0.447756
-0.452995
-0.457061
-0.458036
-0.464122
-0.472041
-0.473453
-0.474854
-0.480776
-0.483468
-0.484794
-0.492495
-0.499357
-0.499647
-0.502368
-0.508302
-0.509598
-0.512009
-0.520942
-0.526251
-0.525985
-0.530161
-0.535472
-0.535614
-0.539686
-0.54934
-0.55271
-0.552598
-0.558183
-0.56214
-0.561663
-0.56793
-0.577451
-0.578842
-0.579685
-0.586178
-0.588268
-0.588039
-0.596578
-0.605121
-0.604849
-0.607243
-0.613947
-0.613929
-0.614856
-0.625566
-0.632242
-0.630892
-0.635341
-0.641248
-0.639164
-0.642409
-0.654651
-0.658731
-0.657313
-0.663815
-0.667786
-0.664301
-0.670723
-0.683577
-0.684713
-0.684273
-0.69249
-0.693428
-0.689424
-0.699956
-0.712165
-0.710221
-0.712121
-0.721087
-0.717827
-0.715036
-0.730116
-0.740031
-0.735649
-0.741047
-0.749084
-0.740855
-0.741297
-0.761263
-0.767177
-0.761202
-0.771405
-0.775975
-0.761698
-0.768854
-0.793913
-0.793061
-0.787651
-0.804103
-0.799988
-0.778547
-0.798868
-0.829636
-0.817334
-0.81646
-0.842115
-0.815062
-0.781065
-0.839202
-0.881991
-0.831856
-0.862671
-0.92122
-0.566062
0.226876
0.831978
0.909707
0.826402
0.863317
0.871615
0.79776
0.79143
0.838215
0.829875
0.811029
0.828068
0.817004
0.781622
0.788199
0.807259
0.794108
0.787861
0.797409
0.781274
0.760385
0.769819
0.77651
0.763985
0.763603
0.767153
0.749806
0.737906
0.746696
0.746333
0.736124
0.73839
0.737095
0.720404
0.714561
0.721395
0.716676
0.70939
0.712458
0.707049
0.692321
0.690738
0.694614
0.687667
0.683386
0.685669
0.677249
0.665332
0.666152
0.666995
0.659413
0.657578
0.658174
0.647884
0.639004
0.640895
0.638876
0.631824
0.631772
0.630072
0.619033
0.6132
0.614867
0.610585
0.604911
0.605652
0.601543
0.590882
0.587529
0.588144
0.582437
0.578434
0.579092
0.572848
0.563319
0.561833
0.56087
0.554545
0.552268
0.552039
0.544147
0.53638
0.535865
0.533166
0.527112
0.52616
0.524453
0.515711
0.509839
0.509507
0.505297
0.500076
0.499925
0.496512
0.487602
0.483581
0.482728
0.477396
0.47345
0.473424
0.468263
0.459971
0.457386
0.455505
0.449692
0.447082
0.446516
0.439973
0.432755
0.431079
0.427985
0.42226
0.420824
0.419234
0.411734
0.405932
0.404549
0.400243
0.39518
0.394538
0.39155
0.383744
0.379368
0.377677
0.372483
0.368436
0.368033
0.363629
0.356072
0.352905
0.350496
0.344822
0.341939
0.341264
0.335546
0.328749
0.326425
0.323011
0.317382
0.315606
0.314116
0.307491
0.301774
0.299753
0.295352
0.290251
0.289254
0.286661
0.279578
0.275022
0.272855
0.267629
0.263399
0.2628
0.258914
0.251904
0.248427
0.245651
0.239972
0.236837
0.236081
0.231014
0.224545
0.221809
0.2182
0.212513
0.210409
0.209084
0.203079
0.197456
0.195088
0.19056
0.185295
0.184054
0.181757
0.175225
0.17063
0.168142
0.162833
0.15839
0.1576
0.154169
0.147583
0.143922
0.140944
0.135166
0.131721
0.130962
0.126398
0.12018
0.117256
0.113498
0.107631
0.105261
0.104059
0.0985448
0.0930649
0.0904893
0.0858484
0.0803631
0.0788679
0.0768502
0.0707647
0.0661649
0.0635324
0.0581158
0.0533499
0.0524396
0.0493887
0.0431183
0.0394269
0.036344
0.030378
0.0266266
0.0258626
0.0217051
0.0157262
0.0127278
0.00888371
0.00279459
0.000104049
-0.000966023
-0.00605325
-0.0114282
-0.0140487
-0.0187602
-0.0245879
-0.0263021
-0.0280552
-0.033813
-0.0383389
-0.0409854
-0.0465531
-0.0516728
-0.0527032
-0.0554425
-0.0614249
-0.065087
-0.06818
-0.0743404
-0.078486
-0.079238
-0.0830207
-0.0888355
-0.0917827
-0.0956161
-0.102033
-0.105058
-0.105969
-0.110747
-0.115989
-0.118516
-0.123303
-0.129513
-0.131467
-0.132994
-0.138463
-0.142896
-0.145438
-0.151133
-0.156707
-0.15786
-0.160277
-0.166077
-0.16963
-0.17258
-0.179018
-0.183616
-0.184314
-0.187817
-0.193491
-0.196261
-0.200025
-0.206826
-0.210228
-0.210993
-0.215494
-0.22063
-0.222951
-0.227724
-0.234429
-0.236671
-0.237912
-0.243208
-0.247529
-0.249774
-0.255628
-0.261771
-0.26301
-0.26515
-0.270836
-0.274185
-0.276877
-0.28363
-0.288756
-0.289423
-0.292639
-0.298245
-0.300745
-0.304278
-0.311576
-0.315461
-0.315994
-0.320312
-0.325396
-0.327298
-0.332005
-0.339371
-0.341888
-0.342848
-0.348058
-0.35222
-0.354008
-0.360003
-0.366846
-0.368207
-0.37002
-0.37571
-0.378799
-0.380992
-0.388137
-0.393997
-0.394522
-0.397492
-0.403172
-0.40519
-0.408326
-0.416318
-0.420749
-0.420995
-0.425213
-0.430293
-0.43155
-0.436076
-0.444312
-0.447209
-0.447765
-0.453017
-0.457066
-0.458044
-0.464155
-0.472057
-0.473451
-0.474868
-0.480797
-0.483469
-0.484808
-0.492529
-0.499366
-0.499647
-0.502388
-0.508316
-0.509598
-0.512031
-0.520974
-0.526254
-0.525988
-0.530185
-0.535482
-0.535614
-0.539715
-0.54937
-0.552707
-0.552607
-0.558208
-0.56214
-0.561669
-0.567967
-0.57747
-0.578838
-0.579701
-0.586198
-0.588264
-0.588051
-0.596618
-0.605135
-0.604844
-0.607265
-0.613963
-0.61392
-0.614879
-0.625608
-0.632243
-0.630893
-0.63537
-0.641251
-0.639157
-0.642444
-0.654688
-0.658726
-0.657321
-0.663844
-0.667781
-0.664297
-0.670768
-0.683607
-0.684699
-0.684291
-0.692518
-0.693408
-0.689433
-0.700015
-0.712183
-0.710205
-0.712153
-0.721103
-0.717797
-0.715062
-0.730177
-0.740032
-0.735641
-0.741086
-0.749084
-0.740819
-0.741347
-0.761328
-0.767152
-0.761199
-0.771457
-0.775947
-0.761656
-0.768943
-0.793968
-0.793016
-0.787685
-0.804149
-0.799908
-0.778534
-0.799002
-0.829669
-0.817262
-0.816534
-0.842147
-0.814884
-0.781077
-0.8395
-0.881941
-0.831683
-0.863049
-0.920906
-0.563828
0.229741
0.83309
0.90938
0.826358
0.863511
0.871424
0.797548
0.791574
0.838305
0.829775
0.811037
0.828116
0.816885
0.781545
0.788295
0.807265
0.794039
0.787896
0.797406
0.781173
0.760361
0.76988
0.776484
0.763948
0.763632
0.767126
0.749732
0.737908
0.746728
0.7463
0.736104
0.738411
0.737055
0.720346
0.714579
0.721411
0.716638
0.709384
0.71247
0.706998
0.692284
0.690758
0.694607
0.687637
0.683391
0.685663
0.6772
0.66531
0.666168
0.66698
0.659388
0.657585
0.658161
0.647837
0.638995
0.640906
0.63885
0.63181
0.63178
0.630043
0.618996
0.6132
0.614865
0.610559
0.604904
0.605654
0.601511
0.590852
0.587532
0.588137
0.582412
0.578433
0.579088
0.57281
0.563298
0.561837
0.560852
0.554526
0.552271
0.552027
0.54411
0.536368
0.535865
0.533146
0.527099
0.526162
0.524434
0.515678
0.509833
0.509504
0.505274
0.500068
0.499926
0.496486
0.487572
0.48358
0.482718
0.477373
0.473448
0.473419
0.468232
0.45995
0.457384
0.45549
0.449673
0.447081
0.446505
0.439941
0.432739
0.431076
0.427967
0.422244
0.420825
0.419217
0.411704
0.405924
0.404541
0.400222
0.395172
0.394537
0.391528
0.383719
0.379361
0.377665
0.372462
0.36843
0.368029
0.363603
0.35605
0.3529
0.350481
0.344802
0.341939
0.341254
0.335518
0.328735
0.326419
0.322991
0.317367
0.315606
0.314101
0.307464
0.301762
0.299744
0.295332
0.290239
0.289253
0.286641
0.279553
0.275016
0.272842
0.267607
0.263393
0.262797
0.25889
0.251883
0.248421
0.245634
0.239953
0.236834
0.236072
0.230989
0.224528
0.221802
0.218181
0.212497
0.210409
0.209073
0.203053
0.197444
0.195079
0.190538
0.185284
0.184053
0.181738
0.175202
0.170621
0.168129
0.162812
0.158383
0.157597
0.154148
0.147563
0.143914
0.140928
0.135146
0.131717
0.130956
0.126374
0.120163
0.117249
0.113478
0.107615
0.10526
0.104047
0.0985216
0.0930526
0.0904792
0.0858267
0.0803506
0.0788659
0.0768352
0.0707422
0.0661548
0.0635198
0.0580934
0.0533414
0.0524373
0.0493681
0.0430993
0.0394191
0.0363277
0.0303561
0.0266223
0.0258566
0.0216832
0.0157104
0.0127189
0.00886385
0.00277696
0.000101324
-0.000975521
-0.00607633
-0.0114406
-0.0140585
-0.0187833
-0.0246033
-0.026303
-0.0280689
-0.0338354
-0.0383481
-0.0409987
-0.0465767
-0.0516817
-0.0527061
-0.0554605
-0.0614437
-0.0650955
-0.0681968
-0.0743624
-0.0784926
-0.0792428
-0.0830408
-0.0888523
-0.0917906
-0.0956362
-0.102053
-0.10506
-0.105978
-0.110769
-0.116001
-0.118527
-0.123326
-0.129528
-0.131469
-0.133007
-0.138484
-0.142906
-0.145451
-0.151157
-0.156719
-0.157861
-0.160294
-0.166096
-0.169637
-0.172597
-0.179042
-0.183621
-0.184319
-0.187838
-0.193507
-0.196268
-0.200047
-0.206848
-0.210231
-0.211001
-0.215515
-0.220642
-0.22296
-0.227748
-0.234448
-0.236671
-0.237924
-0.243229
-0.247536
-0.249785
-0.255655
-0.261784
-0.26301
-0.265167
-0.270854
-0.274191
-0.276895
-0.283655
-0.288764
-0.289426
-0.292659
-0.298261
-0.300751
-0.304299
-0.311601
-0.315466
-0.315999
-0.320334
-0.325407
-0.327304
-0.332032
-0.339391
-0.341888
-0.34286
-0.348078
-0.352227
-0.35402
-0.360031
-0.36686
-0.368207
-0.370035
-0.375729
-0.378804
-0.381007
-0.388167
-0.394006
-0.394523
-0.397512
-0.403187
-0.405193
-0.40835
-0.416344
-0.420752
-0.421
-0.425235
-0.430303
-0.431556
-0.436103
-0.444334
-0.44721
-0.447774
-0.453039
-0.457071
-0.458053
-0.464187
-0.472074
-0.473448
-0.474885
-0.480818
-0.483469
-0.484823
-0.492563
-0.499375
-0.499647
-0.502409
-0.50833
-0.509598
-0.512053
-0.521006
-0.526258
-0.52599
-0.530209
-0.535491
-0.535614
-0.539744
-0.5494
-0.552704
-0.552616
-0.558232
-0.56214
-0.561675
-0.568004
-0.577489
-0.578834
-0.579717
-0.586218
-0.58826
-0.588064
-0.596657
-0.605149
-0.604839
-0.607286
-0.61398
-0.61391
-0.614902
-0.625651
-0.632243
-0.630894
-0.635398
-0.641253
-0.63915
-0.64248
-0.654725
-0.658721
-0.657329
-0.663872
-0.667776
-0.664294
-0.670813
-0.683638
-0.684686
-0.684309
-0.692545
-0.693387
-0.689442
-0.700073
-0.712195
-0.710189
-0.712184
-0.721119
-0.717767
-0.715089
-0.730237
-0.740032
-0.735632
-0.741125
-0.749084
-0.740784
-0.741396
-0.761394
-0.767126
-0.761196
-0.77151
-0.77592
-0.761613
-0.769032
-0.794022
-0.792971
-0.787718
-0.804195
-0.799828
-0.77852
-0.799137
-0.829702
-0.81719
-0.816614
-0.842179
-0.814706
-0.781089
-0.839798
-0.881891
-0.83151
-0.863427
-0.920591
-0.561594
0.232605
0.834202
0.909052
0.826315
0.863694
0.871232
0.797337
0.791717
0.838394
0.829674
0.811045
0.828165
0.816765
0.781469
0.788391
0.807271
0.793971
0.787932
0.797403
0.781072
0.760347
0.769941
0.776459
0.763911
0.76366
0.767099
0.749659
0.737911
0.74676
0.746267
0.736085
0.738432
0.737014
0.720289
0.7146
0.721427
0.7166
0.709379
0.712482
0.706948
0.692248
0.690777
0.6946
0.687607
0.683396
0.685657
0.677152
0.665289
0.666185
0.666964
0.659364
0.657592
0.658148
0.647789
0.638985
0.640916
0.638824
0.631795
0.631789
0.630014
0.618958
0.613201
0.614864
0.610534
0.604898
0.605656
0.601479
0.590821
0.587534
0.58813
0.582387
0.578431
0.579085
0.572772
0.563278
0.561842
0.560835
0.554507
0.552275
0.552014
0.544073
0.536356
0.535865
0.533125
0.527085
0.526164
0.524414
0.515645
0.509827
0.509501
0.50525
0.50006
0.499927
0.496457
0.487543
0.483578
0.482708
0.47735
0.473446
0.473414
0.468202
0.45993
0.457382
0.455474
0.449655
0.447081
0.446495
0.439909
0.432723
0.431073
0.427948
0.422228
0.420827
0.419201
0.411673
0.405916
0.404534
0.4002
0.395163
0.394535
0.391505
0.383694
0.379355
0.377654
0.372442
0.368424
0.368025
0.363578
0.356028
0.352896
0.350465
0.344782
0.341938
0.341244
0.33549
0.328721
0.326412
0.322972
0.317352
0.315606
0.314086
0.307438
0.30175
0.299735
0.295311
0.290228
0.289252
0.286622
0.279528
0.275009
0.27283
0.267586
0.263388
0.262794
0.258866
0.251863
0.248415
0.245618
0.239935
0.236831
0.236064
0.230964
0.224512
0.221795
0.218162
0.212481
0.210408
0.209061
0.203027
0.197431
0.195071
0.190516
0.185272
0.184053
0.18172
0.175179
0.170612
0.168115
0.162791
0.158375
0.157593
0.154127
0.147543
0.143906
0.140912
0.135126
0.131712
0.13095
0.12635
0.120147
0.117241
0.113457
0.107598
0.105258
0.104034
0.0984985
0.0930403
0.090469
0.085805
0.0803381
0.0788639
0.0768202
0.0707196
0.0661448
0.0635073
0.058071
0.053333
0.0524349
0.0493474
0.0430802
0.0394113
0.0363098
0.0303342
0.026618
0.0258506
0.0216613
0.0156946
0.0127101
0.008844
0.00275933
9.85986e-05
-0.000985018
-0.0060994
-0.0114531
-0.0140683
-0.0188064
-0.0246188
-0.026304
-0.0280827
-0.0338578
-0.0383572
-0.041012
-0.0466004
-0.0516905
-0.0527091
-0.0554786
-0.0614626
-0.065104
-0.0682137
-0.0743843
-0.0784981
-0.0792475
-0.0830609
-0.0888691
-0.0917985
-0.0956562
-0.102074
-0.105062
-0.105987
-0.110792
-0.116012
-0.118537
-0.12335
-0.129542
-0.131471
-0.13302
-0.138505
-0.142916
-0.145465
-0.151181
-0.156731
-0.157863
-0.16031
-0.166116
-0.169644
-0.172614
-0.179067
-0.183626
-0.184324
-0.187858
-0.193522
-0.196275
-0.200068
-0.206869
-0.210235
-0.211009
-0.215535
-0.220654
-0.222969
-0.227771
-0.234466
-0.236672
-0.237937
-0.243251
-0.247544
-0.249796
-0.255682
-0.261797
-0.263011
-0.265183
-0.270873
-0.274197
-0.276912
-0.283681
-0.288772
-0.289429
-0.292678
-0.298276
-0.300757
-0.304321
-0.311625
-0.31547
-0.316004
-0.320356
-0.325418
-0.327311
-0.332058
-0.33941
-0.341889
-0.342872
-0.348098
-0.352234
-0.354032
-0.360059
-0.366875
-0.368208
-0.37005
-0.375747
-0.378809
-0.381022
-0.388196
-0.394015
-0.394523
-0.397533
-0.403201
-0.405195
-0.408373
-0.41637
-0.420755
-0.421006
-0.425257
-0.430312
-0.431561
-0.43613
-0.444357
-0.44721
-0.447783
-0.453061
-0.457076
-0.458061
-0.46422
-0.47209
-0.473446
-0.474902
-0.480838
-0.483469
-0.484838
-0.492597
-0.499385
-0.499647
-0.502429
-0.508344
-0.509598
-0.512075
-0.521038
-0.526262
-0.525993
-0.530234
-0.535499
-0.535614
-0.539773
-0.54943
-0.552701
-0.552624
-0.558257
-0.56214
-0.561681
-0.56804
-0.577508
-0.578831
-0.579733
-0.586238
-0.588255
-0.588077
-0.596696
-0.605164
-0.604834
-0.607308
-0.613996
-0.613901
-0.614925
-0.625693
-0.632243
-0.630895
-0.635427
-0.641256
-0.639144
-0.642516
-0.65476
-0.658715
-0.657337
-0.6639
-0.667771
-0.664291
-0.670858
-0.683669
-0.684672
-0.684327
-0.692573
-0.693366
-0.689452
-0.700131
-0.712206
-0.710172
-0.712216
-0.721135
-0.717736
-0.715116
-0.730298
-0.740033
-0.735624
-0.741165
-0.749083
-0.740748
-0.741446
-0.76146
-0.767101
-0.761201
-0.771562
-0.775892
-0.76157
-0.76912
-0.794077
-0.792926
-0.787752
-0.804241
-0.799747
-0.778507
-0.799272
-0.829735
-0.817119
-0.816696
-0.842211
-0.814528
-0.7811
-0.840095
-0.881841
-0.831337
-0.863805
-0.920277
-0.55936
0.235469
0.835314
0.908725
0.826272
0.863878
0.87104
0.79714
0.79186
0.838483
0.829573
0.811053
0.828214
0.816646
0.781392
0.788487
0.807277
0.793902
0.787967
0.7974
0.78097
0.760338
0.770002
0.776433
0.763874
0.763689
0.767071
0.749586
0.737913
0.746791
0.746234
0.736066
0.738453
0.736973
0.720232
0.714621
0.721439
0.716563
0.709374
0.712494
0.706898
0.692212
0.690797
0.694593
0.687577
0.683401
0.685651
0.677104
0.665267
0.666202
0.666946
0.659339
0.657599
0.658135
0.647742
0.638976
0.640927
0.638799
0.63178
0.631797
0.629986
0.61892
0.613201
0.614863
0.610509
0.604891
0.605658
0.601447
0.590791
0.587537
0.588123
0.582362
0.57843
0.579082
0.572734
0.563258
0.561847
0.560817
0.554488
0.552278
0.551998
0.544036
0.536344
0.535865
0.533105
0.527071
0.526166
0.524395
0.515612
0.50982
0.509497
0.505226
0.500053
0.499928
0.496428
0.487514
0.483576
0.482698
0.477327
0.473443
0.473408
0.468172
0.45991
0.457379
0.455459
0.449636
0.44708
0.446485
0.439878
0.432709
0.431071
0.427929
0.422212
0.420828
0.419184
0.411643
0.405908
0.404527
0.400178
0.395155
0.394533
0.391483
0.383669
0.379349
0.377643
0.372421
0.368419
0.36802
